450896,1.863072000000000e+03,5.254710000000000e+02,1.380640900000000e+04
450896,1.983926000000000e+03,5.246090000000000e+02,1.289845100000000e+04
450896,1.939193000000000e+03,5.234680000000000e+02,1.270136300000000e+04
450896,1.961335000000000e+03,5.248990000000000e+02,1.221490000000000e+04
450896,1.954762000000000e+03,5.237580000000000e+02,1.220351900000000e+04
450896,1.921799000000000e+03,5.244600000000000e+02,1.093221000000000e+04
450896,1.805212000000000e+03,5.221270000000000e+02,1.244122400000000e+04
450896,2.042843000000000e+03,5.229560000000000e+02,1.382040600000000e+04
450896,2.042803000000000e+03,5.221090000000000e+02,1.235456800000000e+04
450896,1.930025000000000e+03,5.439720000000000e+02,1.160222300000000e+04
