450896,1.285233000000000e+03,5.170280000000000e+02,5.608998900000000e+04
450896,1.239190000000000e+03,5.145549999999999e+02,5.953445300000000e+04
450896,1.388543000000000e+03,5.324920000000000e+02,8.610677400000000e+04
450896,1.343287000000000e+03,5.138579999999999e+02,5.970548200000000e+04
450896,1.373476000000000e+03,5.084160000000000e+02,6.074367000000000e+04
450896,1.258732000000000e+03,5.297170000000000e+02,6.020626800000000e+04
450896,1.344176000000000e+03,5.145850000000000e+02,5.562872900000000e+04
450896,1.335192000000000e+03,5.191900000000001e+02,6.008370100000000e+04
450896,1.377762000000000e+03,5.130660000000000e+02,8.471005100000001e+04
450896,1.357004000000000e+03,5.142290000000000e+02,8.270944500000001e+04
