450896,1.211746000000000e+03,5.326340000000000e+02,1.213538100000000e+04
450896,1.389573000000000e+03,5.204220000000000e+02,1.192825500000000e+04
450896,1.336446000000000e+03,5.374400000000001e+02,1.253569900000000e+04
450896,1.249349000000000e+03,5.338530000000000e+02,1.180100500000000e+04
450896,1.245874000000000e+03,5.524440000000000e+02,1.128265900000000e+04
450896,1.258712000000000e+03,5.137490000000000e+02,1.251650200000000e+04
450896,1.384677000000000e+03,5.465780000000000e+02,1.170872300000000e+04
450896,1.177400000000000e+03,5.231660000000001e+02,1.155346500000000e+04
450896,1.394732000000000e+03,5.366760000000000e+02,1.322500500000000e+04
450896,1.347115000000000e+03,5.373740000000000e+02,1.125013800000000e+04
