450896,1.874436000000000e+03,5.283420000000000e+02,4.061433000000000e+04
450896,2.076205000000000e+03,5.262440000000000e+02,2.089599600000000e+04
450896,1.990184000000000e+03,5.246940000000000e+02,2.442005000000000e+04
450896,2.015879000000000e+03,5.232859999999999e+02,2.458117300000000e+04
450896,1.967518000000000e+03,5.253700000000000e+02,1.654192600000000e+04
450896,2.031994000000000e+03,5.425280000000000e+02,2.351217400000000e+04
450896,2.007755000000000e+03,5.363770000000000e+02,2.099031600000000e+04
450896,1.963517000000000e+03,5.252720000000000e+02,2.098209900000000e+04
450896,1.983534000000000e+03,5.422089999999999e+02,1.531767500000000e+04
450896,1.986294000000000e+03,5.250880000000000e+02,2.067628100000000e+04
