450896,1.389337000000000e+03,5.433210000000000e+02,3.846001700000000e+04
450896,1.432238000000000e+03,5.148630000000001e+02,3.320573800000000e+04
450896,1.334764000000000e+03,5.141590000000000e+02,3.687963500000000e+04
450896,1.352595000000000e+03,5.135640000000000e+02,3.305547700000000e+04
450896,1.328733000000000e+03,5.325180000000000e+02,3.858117700000000e+04
450896,1.399302000000000e+03,5.563950000000000e+02,3.825891500000000e+04
450896,1.328483000000000e+03,5.190990000000000e+02,4.693166900000000e+04
450896,1.387367000000000e+03,5.305750000000000e+02,3.125593200000000e+04
450896,1.413625000000000e+03,5.312020000000000e+02,3.638304900000000e+04
450896,1.363121000000000e+03,5.312480000000000e+02,3.765194200000000e+04
