450896,1.337356000000000e+03,5.184630000000000e+02,2.392245800000000e+04
450896,1.482928000000000e+03,5.326740000000000e+02,2.666972000000000e+04
450896,1.479060000000000e+03,5.163390000000001e+02,2.202154200000000e+04
450896,1.539035000000000e+03,5.242100000000000e+02,2.220799700000000e+04
450896,1.478772000000000e+03,5.414570000000000e+02,2.211254500000000e+04
450896,1.471055000000000e+03,5.156740000000000e+02,2.384881400000000e+04
450896,1.475027000000000e+03,5.459090000000000e+02,2.132831800000000e+04
450896,1.509290000000000e+03,5.419950000000000e+02,2.088217500000000e+04
450896,1.452048000000000e+03,5.232670000000001e+02,2.217896600000000e+04
450896,1.459206000000000e+03,5.151340000000000e+02,2.141629900000000e+04
