450896,1.545157000000000e+03,5.375570000000000e+02,5.667680500000000e+04
450896,1.408412000000000e+03,5.233950000000000e+02,8.838069899999999e+04
450896,1.425132000000000e+03,5.482569999999999e+02,8.564445299999999e+04
450896,1.493004000000000e+03,5.230610000000000e+02,6.004036600000000e+04
450896,1.516394000000000e+03,5.433000000000000e+02,6.032403900000000e+04
450896,1.443243000000000e+03,5.156609999999999e+02,8.846923200000000e+04
450896,1.488549000000000e+03,5.161750000000000e+02,6.016514900000000e+04
450896,1.474228000000000e+03,5.081580000000000e+02,5.612486700000000e+04
450896,1.464002000000000e+03,5.220960000000000e+02,6.040420300000000e+04
450896,1.465396000000000e+03,5.157080000000000e+02,6.058720500000000e+04
