450896,1.371132000000000e+03,5.140660000000000e+02,1.605181100000000e+04
450896,1.387272000000000e+03,5.373160000000000e+02,1.517733300000000e+04
450896,1.350512000000000e+03,5.440800000000000e+02,1.540061700000000e+04
450896,1.261155000000000e+03,5.380250000000000e+02,1.492781000000000e+04
450896,1.346171000000000e+03,5.139330000000000e+02,1.738308300000000e+04
450896,1.341576000000000e+03,5.212450000000000e+02,1.545474100000000e+04
450896,1.206041000000000e+03,5.378950000000000e+02,1.500728000000000e+04
450896,1.330398000000000e+03,5.210359999999999e+02,1.519946400000000e+04
450896,1.324662000000000e+03,5.306440000000000e+02,1.431254700000000e+04
450896,1.309270000000000e+03,5.197050000000000e+02,1.640321600000000e+04
