450896,1.552879000000000e+03,5.377420000000000e+02,7.410274000000000e+03
450896,1.534020000000000e+03,5.296799999999999e+02,8.070591000000000e+03
450896,1.619945000000000e+03,5.233860000000000e+02,8.635225000000000e+03
450896,1.618988000000000e+03,5.217430000000001e+02,7.640600000000000e+03
450896,1.760131000000000e+03,5.209080000000000e+02,7.795427000000000e+03
450896,1.631634000000000e+03,5.214440000000000e+02,8.234448000000000e+03
450896,1.629196000000000e+03,5.227130000000000e+02,8.273495000000001e+03
450896,1.607195000000000e+03,5.301500000000000e+02,8.355938000000000e+03
450896,1.588811000000000e+03,5.298620000000000e+02,7.627537000000000e+03
450896,1.590565000000000e+03,5.222880000000000e+02,9.906517000000000e+03
