450896,1.426286000000000e+03,5.182340000000000e+02,1.851805400000000e+04
450896,1.377011000000000e+03,5.147400000000000e+02,2.050701200000000e+04
450896,1.284345000000000e+03,5.181470000000000e+02,2.008591600000000e+04
450896,1.316030000000000e+03,4.925630000000000e+02,2.266872700000000e+04
450896,1.443792000000000e+03,5.178810000000000e+02,2.079948200000000e+04
450896,1.459813000000000e+03,5.279290000000000e+02,2.259907500000000e+04
450896,1.367427000000000e+03,5.475010000000000e+02,2.040327000000000e+04
450896,1.403943000000000e+03,5.142740000000000e+02,2.229839100000000e+04
450896,1.376042000000000e+03,5.349180000000000e+02,2.088052100000000e+04
450896,1.378427000000000e+03,5.343220000000000e+02,2.061821900000000e+04
