450896,1.351453000000000e+03,5.159490000000000e+02,5.923185400000000e+04
450896,1.349793000000000e+03,5.150590000000000e+02,8.369935400000001e+04
450896,1.395418000000000e+03,5.363310000000000e+02,5.960303900000000e+04
450896,1.398588000000000e+03,5.025730000000000e+02,5.602858800000000e+04
450896,1.189707000000000e+03,5.172329999999999e+02,8.327313900000000e+04
450896,1.377592000000000e+03,5.164150000000000e+02,5.595260500000000e+04
450896,1.346709000000000e+03,5.226200000000000e+02,8.263424500000000e+04
450896,1.350472000000000e+03,5.361950000000001e+02,5.507113800000000e+04
450896,1.336518000000000e+03,5.329400000000001e+02,8.668998600000000e+04
450896,1.423043000000000e+03,5.192010000000000e+02,6.078866300000000e+04
