450896,1.436488000000000e+03,5.339420000000000e+02,1.315830300000000e+04
450896,1.514442000000000e+03,5.478960000000000e+02,1.317905100000000e+04
450896,1.362623000000000e+03,5.511640000000000e+02,1.465071100000000e+04
450896,1.414925000000000e+03,5.259960000000000e+02,1.205535200000000e+04
450896,1.287966000000000e+03,5.404620000000000e+02,1.216750300000000e+04
450896,1.318676000000000e+03,5.403520000000000e+02,1.197784400000000e+04
450896,1.335387000000000e+03,5.394330000000000e+02,1.228099500000000e+04
450896,1.308059000000000e+03,5.136780000000000e+02,1.217722500000000e+04
450896,1.449488000000000e+03,5.402320000000000e+02,1.150366800000000e+04
450896,1.349749000000000e+03,5.395770000000000e+02,1.218238900000000e+04
