450896,1.944517000000000e+03,5.435880000000000e+02,8.159590000000000e+03
450896,1.958874000000000e+03,5.255510000000000e+02,9.287563000000000e+03
450896,2.049287000000000e+03,5.238080000000000e+02,8.793832000000000e+03
450896,2.062964000000000e+03,5.325580000000000e+02,7.869300000000000e+03
450896,1.968107000000000e+03,5.236390000000000e+02,8.840857000000000e+03
450896,1.856501000000000e+03,5.278480000000000e+02,8.044432000000000e+03
450896,1.992340000000000e+03,5.259800000000000e+02,8.241120999999999e+03
450896,1.843205000000000e+03,5.368470000000000e+02,8.375877000000000e+03
450896,1.908549000000000e+03,5.234140000000000e+02,9.427553000000000e+03
450896,1.962584000000000e+03,5.244000000000000e+02,1.062806100000000e+04
