450896,1.478995000000000e+03,5.269140000000000e+02,1.209339800000000e+04
450896,1.298030000000000e+03,5.332590000000000e+02,1.211038300000000e+04
450896,1.352430000000000e+03,5.206150000000000e+02,1.216094300000000e+04
450896,1.369142000000000e+03,5.337870000000000e+02,1.099398800000000e+04
450896,1.361651000000000e+03,5.332710000000000e+02,1.229518500000000e+04
450896,1.297439000000000e+03,5.393700000000000e+02,1.253896800000000e+04
450896,1.259707000000000e+03,5.391480000000000e+02,1.187791100000000e+04
450896,1.236219000000000e+03,5.390080000000000e+02,1.173009300000000e+04
450896,1.381577000000000e+03,5.403320000000000e+02,1.214126900000000e+04
450896,1.362852000000000e+03,5.330830000000000e+02,1.179713200000000e+04
