450896,1.453127000000000e+03,5.335810000000000e+02,2.185613500000000e+04
450896,1.391694000000000e+03,5.400540000000000e+02,2.220817700000000e+04
450896,1.444576000000000e+03,5.150599999999999e+02,2.082433800000000e+04
450896,1.416196000000000e+03,5.146849999999999e+02,2.009984900000000e+04
450896,1.447282000000000e+03,5.516360000000000e+02,1.993822100000000e+04
450896,1.498006000000000e+03,5.155180000000000e+02,2.410503900000000e+04
450896,1.399506000000000e+03,5.312970000000000e+02,1.991775800000000e+04
450896,1.430834000000000e+03,5.333869999999999e+02,2.145869700000000e+04
450896,1.267576000000000e+03,5.161480000000000e+02,2.105754500000000e+04
450896,1.394941000000000e+03,5.579109999999999e+02,1.995033000000000e+04
