450896,1.273363000000000e+03,5.536369999999999e+02,1.381284500000000e+04
450896,1.418083000000000e+03,5.440250000000000e+02,1.405098200000000e+04
450896,1.377373000000000e+03,5.544180000000000e+02,1.584000400000000e+04
450896,1.368490000000000e+03,5.493500000000000e+02,1.705107100000000e+04
450896,1.264590000000000e+03,5.476240000000000e+02,1.548354300000000e+04
450896,1.409419000000000e+03,5.378450000000000e+02,1.509812500000000e+04
450896,1.279685000000000e+03,5.228470000000000e+02,1.604485700000000e+04
450896,1.226189000000000e+03,5.151710000000000e+02,1.428912200000000e+04
450896,1.243308000000000e+03,5.389500000000000e+02,1.616830200000000e+04
450896,1.488128000000000e+03,5.490630000000000e+02,1.559147700000000e+04
