450896,1.694824000000000e+03,5.282940000000000e+02,2.209114200000000e+04
450896,1.757660000000000e+03,5.218370000000000e+02,2.013459600000000e+04
450896,1.683255000000000e+03,5.217230000000000e+02,1.843051600000000e+04
450896,1.711437000000000e+03,5.329140000000000e+02,2.271056500000000e+04
450896,1.760900000000000e+03,5.223640000000000e+02,1.931845600000000e+04
450896,1.689950000000000e+03,5.209210000000000e+02,1.956761600000000e+04
450896,1.725719000000000e+03,5.216890000000000e+02,1.934538000000000e+04
450896,1.720017000000000e+03,5.219150000000000e+02,1.926541800000000e+04
450896,1.703584000000000e+03,5.267329999999999e+02,2.141799100000000e+04
450896,1.744498000000000e+03,5.224510000000000e+02,1.930506900000000e+04
