450896,1.484641000000000e+03,5.310740000000000e+02,1.167746690000000e+05
450896,1.502494000000000e+03,5.275250000000000e+02,1.145842180000000e+05
450896,1.476274000000000e+03,5.350460000000000e+02,1.166585990000000e+05
450896,1.549741000000000e+03,5.285420000000000e+02,1.161962620000000e+05
450896,1.518831000000000e+03,5.368970000000000e+02,1.151805570000000e+05
450896,1.482299000000000e+03,5.159440000000000e+02,1.173474520000000e+05
450896,1.465620000000000e+03,5.158230000000000e+02,1.166933000000000e+05
450896,1.468895000000000e+03,5.159670000000000e+02,1.164212790000000e+05
450896,1.470263000000000e+03,5.327020000000000e+02,1.161496130000000e+05
450896,1.466520000000000e+03,5.150160000000000e+02,1.158700070000000e+05
