450896,1.616062000000000e+03,4.929970000000000e+02,2.312675800000000e+04
450896,1.475838000000000e+03,5.202720000000000e+02,1.897034900000000e+04
450896,1.593764000000000e+03,5.202890000000000e+02,1.891465700000000e+04
450896,1.628391000000000e+03,5.302440000000000e+02,2.001838200000000e+04
450896,1.667360000000000e+03,5.218170000000000e+02,2.182564100000000e+04
450896,1.510233000000000e+03,5.207750000000000e+02,1.681362200000000e+04
450896,1.646201000000000e+03,5.250910000000000e+02,2.063509000000000e+04
450896,1.598644000000000e+03,4.881700000000000e+02,1.921551200000000e+04
450896,1.470765000000000e+03,5.274660000000000e+02,1.971142400000000e+04
450896,1.656385000000000e+03,5.279990000000000e+02,2.278577900000000e+04
