450896,1.516265000000000e+03,5.364540000000000e+02,2.063961400000000e+04
450896,1.449957000000000e+03,5.473020000000000e+02,2.307356800000000e+04
450896,1.471195000000000e+03,5.240280000000000e+02,2.409786700000000e+04
450896,1.415586000000000e+03,5.154570000000000e+02,2.372800500000000e+04
450896,1.363342000000000e+03,5.159580000000000e+02,2.181234100000000e+04
450896,1.512956000000000e+03,4.954970000000000e+02,2.531685100000000e+04
450896,1.522679000000000e+03,5.170750000000000e+02,2.367064200000000e+04
450896,1.502550000000000e+03,5.232350000000000e+02,2.198194900000000e+04
450896,1.526205000000000e+03,5.168990000000000e+02,2.408176800000000e+04
450896,1.447184000000000e+03,5.155690000000000e+02,2.229225200000000e+04
