450896,1.530714000000000e+03,5.166510000000000e+02,1.155179180000000e+05
450896,1.473882000000000e+03,5.158830000000000e+02,1.170291010000000e+05
450896,1.468651000000000e+03,5.159490000000000e+02,1.167486350000000e+05
450896,1.466441000000000e+03,5.156590000000000e+02,1.175104460000000e+05
450896,1.494254000000000e+03,5.166820000000000e+02,1.189896600000000e+05
450896,1.452689000000000e+03,5.183590000000000e+02,1.166151540000000e+05
450896,1.471000000000000e+03,5.166319999999999e+02,1.175045850000000e+05
450896,1.449500000000000e+03,5.151840000000000e+02,1.171955920000000e+05
450896,1.463241000000000e+03,5.162420000000000e+02,1.162855010000000e+05
450896,1.518057000000000e+03,5.168140000000000e+02,1.176827600000000e+05
