450896,1.608893000000000e+03,5.419200000000000e+02,6.296720000000000e+03
450896,1.582009000000000e+03,5.299750000000000e+02,5.867701000000000e+03
450896,1.631833000000000e+03,5.216470000000000e+02,6.085085000000000e+03
450896,1.601014000000000e+03,5.214750000000000e+02,6.033875000000000e+03
450896,1.605470000000000e+03,5.204850000000000e+02,6.030379000000000e+03
450896,1.605385000000000e+03,5.210230000000000e+02,6.162781000000000e+03
450896,1.630622000000000e+03,5.213390000000001e+02,6.072011000000000e+03
450896,1.601174000000000e+03,5.201490000000000e+02,6.131110000000000e+03
450896,1.589829000000000e+03,5.225800000000000e+02,5.829294000000000e+03
450896,1.531490000000000e+03,5.211369999999999e+02,6.057405000000000e+03
