450896,1.447659000000000e+03,5.238490000000000e+02,2.197080300000000e+04
450896,1.525665000000000e+03,5.421990000000000e+02,2.030079800000000e+04
450896,1.398340000000000e+03,5.217730000000000e+02,2.142750000000000e+04
450896,1.516023000000000e+03,5.423830000000000e+02,2.055424900000000e+04
450896,1.504859000000000e+03,5.222500000000000e+02,2.020026100000000e+04
450896,1.329441000000000e+03,5.156810000000000e+02,2.171058200000000e+04
450896,1.480230000000000e+03,5.182250000000000e+02,2.213981700000000e+04
450896,1.461835000000000e+03,5.221070000000000e+02,2.439114000000000e+04
450896,1.525760000000000e+03,5.359740000000000e+02,2.268301200000000e+04
450896,1.515461000000000e+03,5.501260000000000e+02,2.572232000000000e+04
