450896,1.520579000000000e+03,5.320340000000000e+02,4.908658400000000e+04
450896,1.497501000000000e+03,5.410750000000000e+02,4.859029300000000e+04
450896,1.369802000000000e+03,5.245020000000000e+02,5.269651100000000e+04
450896,1.449222000000000e+03,5.482370000000000e+02,4.867731900000000e+04
450896,1.475379000000000e+03,5.410810000000000e+02,5.075632300000000e+04
450896,1.506342000000000e+03,5.060470000000000e+02,7.708727300000000e+04
450896,1.452639000000000e+03,5.344059999999999e+02,4.880674200000000e+04
450896,1.432681000000000e+03,5.157480000000000e+02,7.986125100000000e+04
450896,1.393789000000000e+03,5.157690000000000e+02,4.978437400000000e+04
450896,1.434831000000000e+03,5.255980000000000e+02,7.678344300000000e+04
