450896,1.395723000000000e+03,5.437580000000000e+02,2.505432800000000e+04
450896,1.212554000000000e+03,5.198530000000000e+02,2.394945500000000e+04
450896,1.365360000000000e+03,5.205110000000000e+02,1.955698700000000e+04
450896,1.372458000000000e+03,5.203070000000000e+02,2.415094200000000e+04
450896,1.383616000000000e+03,5.321240000000000e+02,2.390982400000000e+04
450896,1.374883000000000e+03,5.145910000000000e+02,2.000851600000000e+04
450896,1.324854000000000e+03,5.476820000000000e+02,2.403244700000000e+04
450896,1.409794000000000e+03,5.316250000000000e+02,2.802343100000000e+04
450896,1.389957000000000e+03,5.453540000000000e+02,2.444562300000000e+04
450896,1.369059000000000e+03,5.511910000000000e+02,2.515305500000000e+04
