450896,1.524351000000000e+03,5.352060000000000e+02,1.346177500000000e+04
450896,1.699613000000000e+03,5.409520000000000e+02,1.141754700000000e+04
450896,1.753802000000000e+03,5.297150000000000e+02,9.974682000000001e+03
450896,1.586475000000000e+03,5.384380000000000e+02,1.206372200000000e+04
450896,1.729997000000000e+03,5.233410000000000e+02,1.096636800000000e+04
450896,1.753356000000000e+03,5.396460000000000e+02,1.513286500000000e+04
450896,1.691507000000000e+03,5.092500000000000e+02,1.473751400000000e+04
450896,1.681526000000000e+03,5.281190000000000e+02,1.149487000000000e+04
450896,1.746694000000000e+03,5.288750000000000e+02,1.263589500000000e+04
450896,1.746324000000000e+03,5.266300000000000e+02,1.394140100000000e+04
