450896,1.827778000000000e+03,5.256110000000000e+02,8.407813000000000e+03
450896,1.945421000000000e+03,5.234980000000000e+02,8.285822000000000e+03
450896,2.053162000000000e+03,5.616530000000000e+02,8.126668000000000e+03
450896,1.938405000000000e+03,5.277290000000000e+02,8.073166000000000e+03
450896,2.010648000000000e+03,5.245549999999999e+02,8.610750000000000e+03
450896,2.034818000000000e+03,5.272700000000000e+02,8.213133000000000e+03
450896,1.999064000000000e+03,5.300760000000000e+02,8.288754000000001e+03
450896,1.882873000000000e+03,5.326150000000000e+02,7.289242000000000e+03
450896,1.949353000000000e+03,5.430370000000000e+02,7.425047000000000e+03
450896,2.014426000000000e+03,5.292820000000000e+02,7.128784000000000e+03
