450896,1.505444000000000e+03,5.354710000000000e+02,8.510749300000000e+04
450896,1.441074000000000e+03,5.421020000000000e+02,6.090250300000000e+04
450896,1.456966000000000e+03,5.168540000000000e+02,5.619063600000000e+04
450896,1.564184000000000e+03,5.237020000000000e+02,8.612947100000001e+04
450896,1.509254000000000e+03,5.415170000000001e+02,6.068960900000000e+04
450896,1.444280000000000e+03,5.165570000000000e+02,5.477422700000000e+04
450896,1.524961000000000e+03,5.124850000000000e+02,5.544035800000000e+04
450896,1.483198000000000e+03,5.258190000000000e+02,6.047348400000000e+04
450896,1.527682000000000e+03,5.196400000000000e+02,5.634025300000000e+04
450896,1.293008000000000e+03,5.208130000000000e+02,6.077070900000000e+04
