450896,1.572150000000000e+03,5.028440000000000e+02,4.880989700000000e+04
450896,1.721516000000000e+03,5.263610000000000e+02,3.289328000000000e+04
450896,1.737819000000000e+03,5.104820000000000e+02,4.845690000000000e+04
450896,1.685186000000000e+03,5.215520000000000e+02,3.287998300000000e+04
450896,1.676051000000000e+03,5.211480000000000e+02,3.300539800000000e+04
450896,1.532602000000000e+03,5.207230000000000e+02,3.279532200000000e+04
450896,1.608983000000000e+03,5.224000000000000e+02,4.827443600000000e+04
450896,1.645764000000000e+03,5.209650000000000e+02,4.865957600000000e+04
450896,1.712453000000000e+03,5.312930000000000e+02,2.822847300000000e+04
450896,1.751709000000000e+03,5.218160000000000e+02,4.887567700000000e+04
