450896,1.233627000000000e+03,5.152859999999999e+02,1.206169200000000e+04
450896,1.234795000000000e+03,5.095190000000000e+02,1.214029800000000e+04
450896,1.390157000000000e+03,5.384410000000000e+02,1.216493800000000e+04
450896,1.267563000000000e+03,5.373190000000000e+02,1.210903500000000e+04
450896,1.385567000000000e+03,5.389550000000000e+02,1.353136900000000e+04
450896,1.376828000000000e+03,5.561190000000000e+02,1.340055900000000e+04
450896,1.423922000000000e+03,5.554920000000000e+02,1.304180900000000e+04
450896,1.299363000000000e+03,5.490500000000000e+02,1.250409500000000e+04
450896,1.403335000000000e+03,5.388640000000000e+02,1.269608900000000e+04
450896,1.342494000000000e+03,5.388370000000000e+02,1.208583600000000e+04
