450896,1.535109000000000e+03,5.376500000000000e+02,8.152603000000000e+03
450896,1.623328000000000e+03,5.218350000000000e+02,8.239459999999999e+03
450896,1.714965000000000e+03,5.212510000000000e+02,8.340030000000001e+03
450896,1.698366000000000e+03,5.212890000000000e+02,7.301646000000000e+03
450896,1.625675000000000e+03,5.221020000000000e+02,7.791056000000000e+03
450896,1.702696000000000e+03,5.211100000000000e+02,9.109288000000000e+03
450896,1.681278000000000e+03,5.219860000000000e+02,8.154780000000000e+03
450896,1.557081000000000e+03,4.993780000000000e+02,1.025740100000000e+04
450896,1.685124000000000e+03,5.210340000000000e+02,7.999397000000000e+03
450896,1.785411000000000e+03,5.202360000000000e+02,9.268351000000001e+03
