450896,1.718766000000000e+03,5.393710000000000e+02,5.739762800000000e+04
450896,1.685666000000000e+03,5.216340000000000e+02,5.769487900000000e+04
450896,1.634689000000000e+03,5.208700000000000e+02,5.839338400000000e+04
450896,1.629249000000000e+03,4.998380000000000e+02,5.893790000000000e+04
450896,1.699084000000000e+03,5.277970000000000e+02,5.870698800000000e+04
450896,1.600138000000000e+03,5.283250000000000e+02,5.727980500000000e+04
450896,1.659391000000000e+03,5.273270000000000e+02,5.867335700000000e+04
450896,1.584291000000000e+03,5.389040000000000e+02,5.709523600000000e+04
450896,1.690665000000000e+03,5.212310000000000e+02,5.826340400000000e+04
450896,1.652191000000000e+03,5.204059999999999e+02,5.908527800000000e+04
