450896,2.048548000000000e+03,5.316440000000000e+02,6.257019000000000e+03
450896,2.049544000000000e+03,5.367020000000000e+02,6.898392000000000e+03
450896,1.860841000000000e+03,5.260630000000000e+02,6.679887000000000e+03
450896,1.907568000000000e+03,5.244760000000000e+02,6.023245000000000e+03
450896,1.826925000000000e+03,5.240890000000001e+02,6.381476000000000e+03
450896,1.900927000000000e+03,5.282180000000000e+02,6.658765000000000e+03
450896,1.890523000000000e+03,5.242140000000001e+02,6.778754000000000e+03
450896,1.960947000000000e+03,5.254790000000000e+02,6.507864000000000e+03
450896,1.852977000000000e+03,5.227120000000000e+02,6.491147000000000e+03
450896,1.965545000000000e+03,5.238190000000000e+02,6.357730000000000e+03
