450896,1.200679000000000e+03,5.145620000000000e+02,1.144922240000000e+05
450896,1.352046000000000e+03,5.209430000000000e+02,1.146388210000000e+05
450896,1.390286000000000e+03,5.204250000000000e+02,1.153993520000000e+05
450896,1.392800000000000e+03,5.405270000000000e+02,1.162419180000000e+05
450896,1.354129000000000e+03,5.173460000000000e+02,1.163995480000000e+05
450896,1.355877000000000e+03,4.908380000000000e+02,1.154272720000000e+05
450896,1.410018000000000e+03,5.145080000000000e+02,1.165642090000000e+05
450896,1.305677000000000e+03,5.141150000000000e+02,1.156159530000000e+05
450896,1.379138000000000e+03,5.348650000000000e+02,1.155544240000000e+05
450896,1.374537000000000e+03,5.350599999999999e+02,1.159975920000000e+05
