450896,1.597404000000000e+03,5.396849999999999e+02,5.144916000000000e+03
450896,1.618757000000000e+03,5.392530000000000e+02,5.754672000000000e+03
450896,1.476879000000000e+03,5.298060000000000e+02,6.144615000000000e+03
450896,1.577795000000000e+03,5.222940000000000e+02,6.138812000000000e+03
450896,1.438602000000000e+03,5.219880000000001e+02,5.987132000000000e+03
450896,1.498247000000000e+03,5.226280000000000e+02,6.077900000000000e+03
450896,1.522106000000000e+03,5.230820000000000e+02,6.164901000000000e+03
450896,1.529533000000000e+03,5.212859999999999e+02,6.263936000000000e+03
450896,1.531887000000000e+03,5.229020000000000e+02,6.069034000000000e+03
450896,1.653462000000000e+03,5.224720000000000e+02,6.011821000000000e+03
