450896,1.998212000000000e+03,5.266110000000000e+02,5.491591700000000e+04
450896,1.879015000000000e+03,5.239380000000000e+02,5.514584500000000e+04
450896,1.989237000000000e+03,5.243910000000000e+02,5.491031800000000e+04
450896,1.961204000000000e+03,5.250220000000000e+02,5.416192000000000e+04
450896,1.870948000000000e+03,5.225240000000000e+02,5.443692700000000e+04
450896,2.027699000000000e+03,5.232730000000000e+02,5.469282700000000e+04
450896,2.035466000000000e+03,5.232130000000000e+02,5.444020800000000e+04
450896,2.018544000000000e+03,5.230950000000000e+02,5.442408600000000e+04
450896,1.970520000000000e+03,5.247160000000000e+02,5.435900400000000e+04
450896,1.979545000000000e+03,5.256400000000000e+02,5.460167000000000e+04
