450896,1.742894000000000e+03,5.265530000000000e+02,8.417907999999999e+03
450896,1.769471000000000e+03,5.273579999999999e+02,8.054476000000000e+03
450896,1.688280000000000e+03,5.217910000000001e+02,8.101835000000000e+03
450896,1.766864000000000e+03,5.211830000000000e+02,7.880146000000000e+03
450896,1.683711000000000e+03,5.206799999999999e+02,8.197387000000001e+03
450896,1.604836000000000e+03,5.205390000000000e+02,8.384638999999999e+03
450896,1.703202000000000e+03,5.216300000000000e+02,9.175343999999999e+03
450896,1.686602000000000e+03,5.208460000000000e+02,7.597070000000000e+03
450896,1.750788000000000e+03,5.310480000000000e+02,8.269212000000000e+03
450896,1.774379000000000e+03,5.313819999999999e+02,8.847413000000000e+03
