450896,1.741126000000000e+03,5.391210000000000e+02,5.987294000000000e+03
450896,1.552117000000000e+03,5.183280000000000e+02,6.261732000000000e+03
450896,1.785082000000000e+03,5.240320000000000e+02,6.238736000000000e+03
450896,1.750054000000000e+03,5.216950000000001e+02,5.469368000000000e+03
450896,1.571539000000000e+03,5.210930000000000e+02,6.042582000000000e+03
450896,1.769978000000000e+03,4.994750000000000e+02,5.811904000000000e+03
450896,1.580102000000000e+03,5.219710000000000e+02,6.017535000000000e+03
450896,1.731079000000000e+03,5.311350000000000e+02,6.358346000000000e+03
450896,1.701800000000000e+03,5.407859999999999e+02,6.366659000000000e+03
450896,1.559455000000000e+03,5.297300000000000e+02,6.261212000000000e+03
