450896,1.371777000000000e+03,5.173380000000000e+02,1.577753300000000e+04
450896,1.404582000000000e+03,5.362990000000000e+02,1.464649100000000e+04
450896,1.429134000000000e+03,5.251890000000000e+02,1.497470400000000e+04
450896,1.273503000000000e+03,5.322230000000000e+02,1.346685100000000e+04
450896,1.298308000000000e+03,5.398460000000000e+02,1.320684400000000e+04
450896,1.272406000000000e+03,5.395810000000000e+02,1.428691800000000e+04
450896,1.417571000000000e+03,5.407960000000000e+02,2.109620100000000e+04
450896,1.459036000000000e+03,5.600760000000000e+02,1.623846100000000e+04
450896,1.366963000000000e+03,5.486660000000001e+02,1.436074300000000e+04
450896,1.410585000000000e+03,5.569780000000000e+02,1.477836000000000e+04
