450896,1.307993000000000e+03,5.173680000000001e+02,5.963131700000000e+04
450896,1.431557000000000e+03,5.156760000000000e+02,8.811347000000000e+04
450896,1.542969000000000e+03,5.315100000000000e+02,5.607500100000000e+04
450896,1.524017000000000e+03,5.402690000000000e+02,5.580393100000000e+04
450896,1.459368000000000e+03,5.170180000000000e+02,6.135443700000000e+04
450896,1.481955000000000e+03,5.174200000000000e+02,8.763930200000000e+04
450896,1.521681000000000e+03,5.165520000000000e+02,6.050596800000000e+04
450896,1.348789000000000e+03,5.171480000000000e+02,6.071238100000000e+04
450896,1.550842000000000e+03,5.341799999999999e+02,8.600995100000000e+04
450896,1.433219000000000e+03,5.407120000000000e+02,6.084751900000000e+04
