450896,1.766673000000000e+03,5.387569999999999e+02,1.973985900000000e+04
450896,1.593157000000000e+03,5.412030000000000e+02,2.198048100000000e+04
450896,1.627941000000000e+03,5.221780000000000e+02,1.930329800000000e+04
450896,1.692866000000000e+03,5.212760000000000e+02,2.251373200000000e+04
450896,1.618063000000000e+03,5.280490000000000e+02,2.053370500000000e+04
450896,1.553929000000000e+03,5.212410000000000e+02,1.713057200000000e+04
450896,1.765012000000000e+03,5.210260000000000e+02,2.190443400000000e+04
450896,1.739943000000000e+03,5.217800000000000e+02,1.937291500000000e+04
450896,1.640822000000000e+03,5.241670000000000e+02,2.784305700000000e+04
450896,1.728100000000000e+03,5.208560000000000e+02,1.992255300000000e+04
