450896,1.514493000000000e+03,5.353060000000000e+02,1.283486100000000e+04
450896,1.500883000000000e+03,5.402340000000000e+02,1.571504000000000e+04
450896,1.413868000000000e+03,5.311240000000000e+02,1.183837700000000e+04
450896,1.472106000000000e+03,5.180590000000000e+02,1.289789700000000e+04
450896,1.377272000000000e+03,5.409990000000000e+02,1.255073700000000e+04
450896,1.353222000000000e+03,5.396840000000000e+02,1.206861800000000e+04
450896,1.355884000000000e+03,5.400390000000000e+02,1.194255700000000e+04
450896,1.541017000000000e+03,5.598490000000000e+02,1.353482200000000e+04
450896,1.463639000000000e+03,5.416100000000000e+02,1.188206200000000e+04
450896,1.339562000000000e+03,5.308540000000000e+02,1.406155100000000e+04
