450896,1.272105000000000e+03,5.223910000000000e+02,1.151332700000000e+05
450896,1.412802000000000e+03,5.383190000000000e+02,1.149344020000000e+05
450896,1.377025000000000e+03,5.351200000000000e+02,1.150394710000000e+05
450896,1.358608000000000e+03,5.342430000000001e+02,1.156050230000000e+05
450896,1.357772000000000e+03,5.139910000000000e+02,1.148994710000000e+05
450896,1.400506000000000e+03,5.198600000000000e+02,1.151923910000000e+05
450896,1.402827000000000e+03,5.387640000000000e+02,1.158619280000000e+05
450896,1.451409000000000e+03,5.134200000000000e+02,1.149735330000000e+05
450896,1.392163000000000e+03,5.133110000000000e+02,1.204581660000000e+05
450896,1.217445000000000e+03,5.136830000000000e+02,1.152000810000000e+05
