450896,1.236081000000000e+03,5.417770000000000e+02,8.141335000000001e+04
450896,1.263067000000000e+03,5.236700000000000e+02,8.400455100000001e+04
450896,1.387694000000000e+03,5.350490000000000e+02,5.543371800000000e+04
450896,1.383257000000000e+03,5.390450000000000e+02,6.033061800000000e+04
450896,1.410832000000000e+03,5.211230000000000e+02,8.228745299999999e+04
450896,1.400082000000000e+03,5.393320000000000e+02,6.060299900000000e+04
450896,1.317468000000000e+03,5.481050000000000e+02,8.465651900000000e+04
450896,1.291715000000000e+03,5.149410000000000e+02,8.652085900000000e+04
450896,1.353994000000000e+03,5.137100000000000e+02,6.082168700000000e+04
450896,1.246881000000000e+03,5.332960000000000e+02,5.495143300000000e+04
