450896,2.067841000000000e+03,5.428760000000000e+02,1.048288070000000e+05
450896,2.109464000000000e+03,5.240830000000000e+02,1.057084930000000e+05
450896,2.009424000000000e+03,5.258190000000000e+02,1.054905100000000e+05
450896,2.002491000000000e+03,5.257360000000000e+02,1.052541940000000e+05
450896,2.047018000000000e+03,5.299800000000000e+02,1.047346520000000e+05
450896,2.004813000000000e+03,5.258120000000000e+02,1.054044150000000e+05
450896,1.998636000000000e+03,5.258990000000000e+02,1.040668950000000e+05
450896,1.832583000000000e+03,5.261700000000000e+02,1.052344130000000e+05
450896,2.010225000000000e+03,5.252340000000000e+02,1.047155510000000e+05
450896,1.966773000000000e+03,5.419210000000000e+02,1.056619090000000e+05
