450896,1.472488000000000e+03,5.336849999999999e+02,4.890526500000000e+04
450896,1.454664000000000e+03,5.402910000000001e+02,4.980667400000000e+04
450896,1.431869000000000e+03,5.151410000000000e+02,5.073529100000000e+04
450896,1.277351000000000e+03,5.148090000000000e+02,5.022956400000000e+04
450896,1.396179000000000e+03,5.144320000000000e+02,7.874131299999999e+04
450896,1.390008000000000e+03,5.147670000000001e+02,7.873113300000000e+04
450896,1.372201000000000e+03,5.155330000000000e+02,5.024495000000000e+04
450896,1.432078000000000e+03,5.329130000000000e+02,4.913347600000000e+04
450896,1.375589000000000e+03,5.324260000000000e+02,4.882197900000000e+04
450896,1.330757000000000e+03,5.228570000000000e+02,5.466433400000000e+04
