450896,1.954266000000000e+03,5.324600000000000e+02,3.793297400000000e+04
450896,2.046629000000000e+03,5.247510000000000e+02,1.588387900000000e+04
450896,2.008625000000000e+03,5.016290000000000e+02,1.511776600000000e+04
450896,1.955077000000000e+03,5.317470000000000e+02,2.374176100000000e+04
450896,1.984540000000000e+03,5.288190000000000e+02,2.064363700000000e+04
450896,1.979723000000000e+03,5.255110000000000e+02,1.626526700000000e+04
450896,2.011200000000000e+03,5.254390000000000e+02,3.965538400000000e+04
450896,2.006809000000000e+03,5.237750000000000e+02,1.646895700000000e+04
450896,1.981805000000000e+03,5.263940000000000e+02,1.970485300000000e+04
450896,2.047384000000000e+03,5.239460000000000e+02,2.016124600000000e+04
