450896,1.550424000000000e+03,5.253880000000000e+02,3.269770900000000e+04
450896,1.631907000000000e+03,5.394280000000000e+02,2.840764600000000e+04
450896,1.535228000000000e+03,5.246330000000000e+02,4.860292700000000e+04
450896,1.627008000000000e+03,5.218049999999999e+02,4.873464000000000e+04
450896,1.582096000000000e+03,5.211230000000000e+02,3.272274200000000e+04
450896,1.618572000000000e+03,5.221609999999999e+02,3.234106500000000e+04
450896,1.667548000000000e+03,5.289400000000001e+02,3.158200300000000e+04
450896,1.596768000000000e+03,5.287590000000000e+02,3.190127300000000e+04
450896,1.684920000000000e+03,5.274560000000000e+02,4.877327900000000e+04
450896,1.648049000000000e+03,5.401650000000000e+02,4.865594200000000e+04
