450896,1.508335000000000e+03,5.307690000000000e+02,1.688113200000000e+04
450896,1.274090000000000e+03,5.417900000000000e+02,1.532853400000000e+04
450896,1.545642000000000e+03,5.319120000000000e+02,1.691530900000000e+04
450896,1.339103000000000e+03,5.163610000000000e+02,1.505038100000000e+04
450896,1.346499000000000e+03,5.403730000000000e+02,1.657239600000000e+04
450896,1.555721000000000e+03,5.413840000000000e+02,1.518663100000000e+04
450896,1.538764000000000e+03,5.165670000000000e+02,1.531624900000000e+04
450896,1.449658000000000e+03,5.160390000000000e+02,1.539013700000000e+04
450896,1.464441000000000e+03,5.324680000000000e+02,1.514766000000000e+04
450896,1.510108000000000e+03,5.183230000000000e+02,1.570718400000000e+04
