450896,1.667652000000000e+03,5.295450000000000e+02,3.186967100000000e+04
450896,1.675579000000000e+03,5.206170000000000e+02,4.914167300000000e+04
450896,1.680270000000000e+03,5.214930000000001e+02,4.830659400000000e+04
450896,1.693971000000000e+03,5.209190000000000e+02,4.844970300000000e+04
450896,1.632206000000000e+03,5.242550000000000e+02,3.272708200000000e+04
450896,1.636134000000000e+03,5.211270000000000e+02,2.802623900000000e+04
450896,1.683943000000000e+03,5.375420000000000e+02,4.852499800000000e+04
450896,1.711835000000000e+03,5.470170000000001e+02,3.239864300000000e+04
450896,1.671811000000000e+03,5.209240000000000e+02,4.797488200000000e+04
450896,1.656056000000000e+03,5.201730000000000e+02,3.271512200000000e+04
