450896,1.421396000000000e+03,5.340950000000000e+02,1.174003300000000e+05
450896,1.509578000000000e+03,5.377060000000000e+02,1.176278230000000e+05
450896,1.506391000000000e+03,5.324130000000000e+02,1.233148960000000e+05
450896,1.547289000000000e+03,5.435100000000000e+02,1.180535520000000e+05
450896,1.525837000000000e+03,5.381900000000001e+02,1.231795990000000e+05
450896,1.486205000000000e+03,5.169160000000001e+02,1.249166610000000e+05
450896,1.491820000000000e+03,5.439930000000001e+02,1.180385120000000e+05
450896,1.510375000000000e+03,5.395910000000000e+02,1.166880410000000e+05
450896,1.462769000000000e+03,5.217220000000000e+02,1.179871010000000e+05
450896,1.486155000000000e+03,5.301440000000000e+02,1.172439030000000e+05
