450896,1.518875000000000e+03,5.182080000000000e+02,3.956269000000000e+04
450896,1.446171000000000e+03,5.157670000000001e+02,3.672275400000000e+04
450896,1.369452000000000e+03,5.246060000000000e+02,3.335102500000000e+04
450896,1.513509000000000e+03,5.427080000000000e+02,4.768668800000000e+04
450896,1.280406000000000e+03,5.159520000000000e+02,4.952569700000000e+04
450896,1.499434000000000e+03,5.167980000000000e+02,4.109282900000000e+04
450896,1.495796000000000e+03,5.354510000000000e+02,3.847965500000000e+04
450896,1.347094000000000e+03,5.359310000000000e+02,3.843955900000000e+04
450896,1.440897000000000e+03,5.354870000000000e+02,3.625162100000000e+04
450896,1.350451000000000e+03,5.315110000000000e+02,3.720521400000000e+04
