450896,1.768799000000000e+03,5.395590000000000e+02,5.857896500000000e+04
450896,1.774041000000000e+03,5.395220000000000e+02,5.829009700000000e+04
450896,1.637718000000000e+03,5.213840000000000e+02,5.872074500000000e+04
450896,1.717602000000000e+03,5.175620000000000e+02,5.758229100000000e+04
450896,1.683041000000000e+03,5.207890000000000e+02,5.912508000000000e+04
450896,1.757758000000000e+03,5.215110000000000e+02,5.887098400000000e+04
450896,1.820561000000000e+03,5.385660000000000e+02,5.831683700000000e+04
450896,1.746820000000000e+03,5.212859999999999e+02,5.818928300000000e+04
450896,1.699077000000000e+03,5.212720000000000e+02,5.906959700000000e+04
450896,1.665912000000000e+03,5.030590000000000e+02,5.914250000000000e+04
