450896,1.738354000000000e+03,5.303430000000000e+02,7.835645000000000e+03
450896,1.632844000000000e+03,5.380620000000000e+02,7.757991000000000e+03
450896,1.606413000000000e+03,5.000070000000000e+02,8.184016000000000e+03
450896,1.616190000000000e+03,5.283250000000000e+02,8.309919000000000e+03
450896,1.632866000000000e+03,5.447060000000000e+02,8.085906000000000e+03
450896,1.651323000000000e+03,5.217210000000000e+02,7.869007000000000e+03
450896,1.622508000000000e+03,5.220100000000000e+02,8.938873000000000e+03
450896,1.599628000000000e+03,5.292030000000000e+02,8.284561000000000e+03
450896,1.619519000000000e+03,5.298049999999999e+02,7.821424000000000e+03
450896,1.641099000000000e+03,5.290300000000000e+02,8.279814000000000e+03
