91792,1.346484000000000e+03,6.210000000000000e+01,4.414588000000000e+03
91792,1.418519000000000e+03,6.169100000000000e+01,4.525877000000000e+03
91792,1.404161000000000e+03,6.345400000000000e+01,4.439730000000000e+03
91792,1.342016000000000e+03,6.379400000000000e+01,4.402313000000000e+03
91792,1.436477000000000e+03,6.199800000000000e+01,4.174432000000000e+03
91792,1.364667000000000e+03,6.290600000000000e+01,4.377114000000000e+03
91792,1.358656000000000e+03,6.281500000000000e+01,4.316092000000000e+03
91792,1.413552000000000e+03,6.260000000000000e+01,4.433517000000000e+03
91792,1.376333000000000e+03,6.372500000000000e+01,4.425430000000000e+03
91792,1.412445000000000e+03,6.349400000000000e+01,4.446042000000000e+03
