91792,1.080995000000000e+03,5.472800000000000e+01,8.533650000000000e+02
91792,1.002609000000000e+03,5.592800000000000e+01,8.652750000000000e+02
91792,1.034330000000000e+03,5.468000000000000e+01,7.670230000000000e+02
91792,9.317000000000000e+02,5.599700000000000e+01,6.974670000000000e+02
91792,9.783650000000000e+02,5.496500000000000e+01,7.655820000000000e+02
91792,9.458339999999999e+02,5.485200000000000e+01,7.784340000000000e+02
91792,9.588980000000000e+02,5.321500000000000e+01,8.454130000000000e+02
91792,9.579040000000000e+02,5.603900000000000e+01,7.886230000000000e+02
91792,8.874580000000000e+02,5.507600000000000e+01,8.092030000000000e+02
91792,1.120105000000000e+03,5.648300000000000e+01,7.843890000000000e+02
