91792,1.534715000000000e+03,6.339900000000000e+01,2.046959000000000e+03
91792,1.569668000000000e+03,6.374400000000000e+01,1.562979000000000e+03
91792,1.537177000000000e+03,6.529200000000000e+01,1.280175000000000e+03
91792,1.521134000000000e+03,6.548500000000000e+01,2.159869000000000e+03
91792,1.544007000000000e+03,6.550200000000000e+01,1.189277000000000e+03
91792,1.363037000000000e+03,6.364600000000000e+01,2.126082000000000e+03
91792,1.487729000000000e+03,6.382500000000000e+01,2.185602000000000e+03
91792,1.474317000000000e+03,6.382000000000000e+01,1.536195000000000e+03
91792,1.577057000000000e+03,6.532500000000000e+01,1.553393000000000e+03
91792,1.512988000000000e+03,6.549400000000000e+01,1.167001000000000e+03
