91792,1.302964000000000e+03,6.239400000000000e+01,2.394205000000000e+03
91792,1.301246000000000e+03,6.402700000000000e+01,2.286587000000000e+03
91792,1.228407000000000e+03,6.054900000000000e+01,2.308949000000000e+03
91792,1.305713000000000e+03,6.185700000000000e+01,2.364994000000000e+03
91792,1.281135000000000e+03,6.284400000000000e+01,2.376225000000000e+03
91792,1.285728000000000e+03,6.153600000000000e+01,3.480114000000000e+03
91792,1.239353000000000e+03,6.184700000000000e+01,2.332109000000000e+03
91792,1.296902000000000e+03,6.263200000000000e+01,2.358773000000000e+03
91792,1.131809000000000e+03,6.196400000000000e+01,2.368712000000000e+03
91792,1.251237000000000e+03,6.191100000000000e+01,2.342709000000000e+03
