91792,1.501867000000000e+03,9.515900000000001e+01,1.295216000000000e+03
91792,1.478887000000000e+03,6.169400000000000e+01,1.596981000000000e+03
91792,1.529601000000000e+03,6.199100000000000e+01,1.629961000000000e+03
91792,1.458395000000000e+03,6.166200000000000e+01,1.463827000000000e+03
91792,1.506699000000000e+03,6.488300000000000e+01,1.575709000000000e+03
91792,1.430980000000000e+03,6.331900000000000e+01,1.619598000000000e+03
91792,1.428105000000000e+03,6.277200000000000e+01,1.562974000000000e+03
91792,1.552902000000000e+03,6.478000000000000e+01,1.575405000000000e+03
91792,1.488376000000000e+03,6.580000000000000e+01,1.257327000000000e+03
91792,1.442272000000000e+03,6.296200000000000e+01,1.491954000000000e+03
