91792,1.390730000000000e+03,6.275800000000000e+01,1.508417000000000e+03
91792,1.255839000000000e+03,6.245000000000000e+01,1.977762000000000e+03
91792,1.413547000000000e+03,6.076100000000000e+01,1.389961000000000e+03
91792,1.380896000000000e+03,6.261600000000000e+01,1.392848000000000e+03
91792,1.412969000000000e+03,6.217600000000000e+01,1.394954000000000e+03
91792,1.370929000000000e+03,6.073800000000000e+01,1.619691000000000e+03
91792,1.358192000000000e+03,6.190300000000000e+01,1.379355000000000e+03
91792,1.268268000000000e+03,6.482599999999999e+01,1.317972000000000e+03
91792,1.425197000000000e+03,6.377200000000000e+01,1.547244000000000e+03
91792,1.259919000000000e+03,6.294400000000000e+01,1.570908000000000e+03
