91792,1.293155000000000e+03,5.875700000000000e+01,4.763381000000000e+03
91792,1.202435000000000e+03,5.581300000000000e+01,3.250311000000000e+03
91792,1.244197000000000e+03,5.396600000000000e+01,3.337845000000000e+03
91792,1.210617000000000e+03,5.440900000000000e+01,3.234964000000000e+03
91792,1.228669000000000e+03,5.679600000000000e+01,3.258361000000000e+03
91792,1.277154000000000e+03,5.701700000000000e+01,3.223497000000000e+03
91792,1.259027000000000e+03,5.643100000000000e+01,4.612279000000000e+03
91792,1.243292000000000e+03,5.612700000000000e+01,3.314286000000000e+03
91792,1.267497000000000e+03,5.704800000000000e+01,3.251053000000000e+03
91792,1.228879000000000e+03,5.711900000000000e+01,4.190599000000000e+03
