91792,1.275103000000000e+03,5.920100000000000e+01,6.434740000000000e+02
91792,1.122582000000000e+03,5.952800000000000e+01,6.138690000000000e+02
91792,1.321724000000000e+03,5.942400000000000e+01,6.706280000000000e+02
91792,1.251011000000000e+03,5.962600000000000e+01,6.319850000000000e+02
91792,1.222239000000000e+03,5.996800000000000e+01,6.425110000000000e+02
91792,1.261341000000000e+03,6.257200000000000e+01,6.334580000000000e+02
91792,1.208413000000000e+03,6.031500000000000e+01,6.326720000000000e+02
91792,1.224619000000000e+03,6.247000000000000e+01,5.801820000000000e+02
91792,1.141980000000000e+03,6.027500000000000e+01,5.911580000000000e+02
91792,1.146110000000000e+03,6.245900000000000e+01,5.219059999999999e+02
