91792,1.025725000000000e+03,5.684100000000000e+01,1.737714000000000e+03
91792,9.230430000000000e+02,5.658400000000000e+01,1.266248000000000e+03
91792,9.310950000000000e+02,5.480700000000000e+01,1.355267000000000e+03
91792,1.076013000000000e+03,5.692600000000000e+01,1.066684000000000e+03
91792,1.036978000000000e+03,5.517900000000000e+01,1.074174000000000e+03
91792,9.486210000000000e+02,5.439800000000000e+01,1.357422000000000e+03
91792,1.104207000000000e+03,5.669500000000000e+01,1.053896000000000e+03
91792,1.021551000000000e+03,5.796900000000000e+01,9.559570000000000e+02
91792,9.938230000000000e+02,5.604900000000000e+01,1.901147000000000e+03
91792,9.037700000000000e+02,5.588700000000000e+01,1.351855000000000e+03
