91792,1.404162000000000e+03,6.446500000000000e+01,2.391861000000000e+03
91792,1.464574000000000e+03,6.329400000000000e+01,2.415197000000000e+03
91792,1.371184000000000e+03,5.964700000000000e+01,3.383889000000000e+03
91792,1.433786000000000e+03,6.286500000000000e+01,2.369617000000000e+03
91792,1.383869000000000e+03,6.186000000000000e+01,2.423273000000000e+03
91792,1.398237000000000e+03,6.493300000000001e+01,2.358479000000000e+03
91792,1.437130000000000e+03,6.510200000000000e+01,2.379251000000000e+03
91792,1.366676000000000e+03,6.297300000000000e+01,2.385553000000000e+03
91792,1.387450000000000e+03,6.392900000000000e+01,3.481698000000000e+03
91792,1.376536000000000e+03,6.410800000000000e+01,2.399649000000000e+03
