91792,9.021270000000000e+02,7.802900000000000e+01,4.784462000000000e+03
91792,9.794210000000000e+02,8.422300000000000e+01,4.913956000000000e+03
91792,1.035961000000000e+03,6.993700000000000e+01,3.225638000000000e+03
91792,8.809310000000000e+02,5.447300000000000e+01,3.271134000000000e+03
91792,1.087405000000000e+03,5.569800000000000e+01,4.217842000000000e+03
91792,9.001270000000000e+02,5.451400000000000e+01,4.790740000000000e+03
91792,1.119915000000000e+03,6.406800000000000e+01,4.760325000000000e+03
91792,1.041683000000000e+03,5.584300000000000e+01,3.305108000000000e+03
91792,1.127018000000000e+03,5.539200000000000e+01,4.764076000000000e+03
91792,1.029204000000000e+03,5.595900000000000e+01,4.364461000000000e+03
