91792,1.125035000000000e+03,5.624400000000000e+01,1.511976000000000e+03
91792,1.117581000000000e+03,5.790600000000000e+01,1.077830000000000e+03
91792,1.120000000000000e+03,5.520200000000000e+01,1.169536000000000e+03
91792,1.011485000000000e+03,5.768400000000000e+01,1.019611000000000e+03
91792,1.047211000000000e+03,5.533900000000000e+01,1.005371000000000e+03
91792,9.494990000000000e+02,5.558800000000000e+01,1.037945000000000e+03
91792,1.081634000000000e+03,5.585100000000000e+01,1.177365000000000e+03
91792,1.013008000000000e+03,5.758100000000000e+01,9.855810000000000e+02
91792,1.072117000000000e+03,5.570500000000000e+01,1.066922000000000e+03
91792,9.645050000000000e+02,5.747600000000000e+01,1.788019000000000e+03
