91792,1.390919000000000e+03,6.309500000000000e+01,2.451492000000000e+03
91792,1.357925000000000e+03,6.089900000000000e+01,2.404627000000000e+03
91792,1.406712000000000e+03,6.275600000000000e+01,3.464978000000000e+03
91792,1.285417000000000e+03,6.231600000000000e+01,2.391729000000000e+03
91792,1.419804000000000e+03,6.216600000000000e+01,2.393814000000000e+03
91792,1.383352000000000e+03,6.182000000000000e+01,3.523880000000000e+03
91792,1.437259000000000e+03,6.220700000000000e+01,2.246705000000000e+03
91792,1.290148000000000e+03,6.223900000000000e+01,2.415762000000000e+03
91792,1.366515000000000e+03,6.186200000000000e+01,2.347965000000000e+03
91792,1.348321000000000e+03,6.200400000000000e+01,2.441886000000000e+03
