91792,1.197583000000000e+03,5.428500000000000e+01,2.776996000000000e+03
91792,1.182744000000000e+03,5.540900000000000e+01,2.844560000000000e+03
91792,1.261935000000000e+03,5.424500000000000e+01,2.278121000000000e+03
91792,1.288158000000000e+03,5.654400000000000e+01,2.811137000000000e+03
91792,1.281468000000000e+03,5.552100000000000e+01,2.741561000000000e+03
91792,1.173237000000000e+03,5.550000000000000e+01,2.825860000000000e+03
91792,1.240349000000000e+03,5.604400000000000e+01,2.268473000000000e+03
91792,1.232268000000000e+03,5.508400000000000e+01,2.988360000000000e+03
91792,1.244684000000000e+03,5.634600000000000e+01,1.860110000000000e+03
91792,1.233320000000000e+03,6.255000000000000e+01,2.919237000000000e+03
