91792,1.126893000000000e+03,5.600200000000000e+01,5.562119000000000e+03
91792,9.717740000000000e+02,5.542600000000000e+01,5.658012000000000e+03
91792,1.076927000000000e+03,5.785000000000000e+01,5.711783000000000e+03
91792,1.080500000000000e+03,5.614000000000000e+01,5.718890000000000e+03
91792,1.091229000000000e+03,5.500000000000000e+01,5.696804000000000e+03
91792,1.086685000000000e+03,5.638700000000000e+01,5.775936000000000e+03
91792,1.109353000000000e+03,5.645500000000000e+01,5.704609000000000e+03
91792,1.103623000000000e+03,5.637300000000000e+01,5.681871000000000e+03
91792,1.062350000000000e+03,5.661500000000000e+01,5.686878000000000e+03
91792,1.118010000000000e+03,5.634400000000000e+01,5.716737000000000e+03
