91792,1.311271000000000e+03,6.207300000000000e+01,2.417755000000000e+03
91792,1.380812000000000e+03,6.178600000000000e+01,2.458849000000000e+03
91792,1.377660000000000e+03,9.128400000000001e+01,2.423165000000000e+03
91792,1.384052000000000e+03,6.195300000000000e+01,2.343170000000000e+03
91792,1.240286000000000e+03,6.230400000000000e+01,3.566513000000000e+03
91792,1.398202000000000e+03,6.189600000000000e+01,2.420941000000000e+03
91792,1.458446000000000e+03,6.187200000000000e+01,2.437578000000000e+03
91792,1.453535000000000e+03,6.230500000000000e+01,3.535292000000000e+03
91792,1.438412000000000e+03,6.201200000000000e+01,2.433976000000000e+03
91792,1.414062000000000e+03,6.144800000000000e+01,2.310141000000000e+03
