91792,1.035689000000000e+03,5.635400000000000e+01,8.418570000000000e+02
91792,9.635700000000001e+02,5.619000000000000e+01,8.973240000000000e+02
91792,9.362480000000000e+02,5.634600000000000e+01,8.082360000000000e+02
91792,8.914130000000000e+02,5.428600000000000e+01,7.890160000000000e+02
91792,8.805560000000000e+02,5.442000000000000e+01,7.967650000000000e+02
91792,9.117410000000000e+02,5.461500000000000e+01,8.154080000000000e+02
91792,8.979560000000000e+02,5.448100000000000e+01,9.343460000000000e+02
91792,1.015048000000000e+03,5.248200000000000e+01,8.068360000000000e+02
91792,8.765890000000001e+02,5.420600000000000e+01,7.739299999999999e+02
91792,9.497120000000000e+02,5.468400000000000e+01,9.337340000000000e+02
