91792,1.274660000000000e+03,6.049000000000000e+01,6.084270000000000e+02
91792,1.334839000000000e+03,6.043100000000000e+01,6.459990000000000e+02
91792,1.292621000000000e+03,6.022700000000000e+01,6.409270000000000e+02
91792,1.329521000000000e+03,5.886800000000000e+01,6.546160000000000e+02
91792,1.310367000000000e+03,5.941300000000000e+01,6.737210000000000e+02
91792,1.263780000000000e+03,6.007300000000000e+01,6.272619999999999e+02
91792,1.263997000000000e+03,5.992500000000000e+01,6.787690000000000e+02
91792,1.319869000000000e+03,6.296000000000000e+01,5.980060000000000e+02
91792,1.196193000000000e+03,6.082900000000000e+01,6.594950000000000e+02
91792,1.341138000000000e+03,6.456900000000000e+01,6.065750000000000e+02
