91792,1.088223000000000e+03,5.693200000000000e+01,2.737576000000000e+03
91792,1.035110000000000e+03,5.302400000000000e+01,2.917610000000000e+03
91792,9.620990000000000e+02,5.276700000000000e+01,2.122872000000000e+03
91792,1.075088000000000e+03,5.411300000000000e+01,3.035202000000000e+03
91792,9.001730000000000e+02,5.449800000000000e+01,2.601978000000000e+03
91792,1.075533000000000e+03,5.562500000000000e+01,2.163165000000000e+03
91792,1.028095000000000e+03,5.527100000000000e+01,2.728545000000000e+03
91792,1.085194000000000e+03,5.560900000000000e+01,3.020697000000000e+03
91792,9.794950000000000e+02,5.479800000000000e+01,2.183162000000000e+03
91792,1.091155000000000e+03,5.460100000000000e+01,2.884397000000000e+03
