91792,1.549279000000000e+03,6.344800000000000e+01,1.038510000000000e+03
91792,1.511756000000000e+03,6.304500000000000e+01,1.104081000000000e+03
91792,1.476807000000000e+03,6.315500000000000e+01,1.027965000000000e+03
91792,1.384414000000000e+03,6.340800000000000e+01,1.030482000000000e+03
91792,1.517758000000000e+03,6.379200000000000e+01,1.056643000000000e+03
91792,1.496270000000000e+03,6.349700000000000e+01,8.955750000000000e+02
91792,1.405092000000000e+03,6.322400000000000e+01,1.002134000000000e+03
91792,1.561508000000000e+03,6.298500000000000e+01,9.317290000000000e+02
91792,1.539675000000000e+03,6.296100000000000e+01,9.386330000000000e+02
91792,1.384241000000000e+03,6.313900000000000e+01,8.606210000000000e+02
