91792,1.171394000000000e+03,6.197600000000000e+01,4.625180000000000e+02
91792,1.251066000000000e+03,6.190400000000000e+01,4.948770000000000e+02
91792,1.206337000000000e+03,6.240400000000000e+01,4.685360000000000e+02
91792,1.131713000000000e+03,6.167300000000000e+01,4.505460000000000e+02
91792,1.168070000000000e+03,6.309300000000000e+01,4.573100000000000e+02
91792,1.166676000000000e+03,6.077100000000000e+01,4.471450000000000e+02
91792,1.217848000000000e+03,6.220100000000000e+01,4.548810000000000e+02
91792,1.164830000000000e+03,6.038500000000000e+01,4.343800000000000e+02
91792,1.156502000000000e+03,6.226900000000000e+01,4.652950000000000e+02
91792,1.174235000000000e+03,6.092200000000000e+01,4.844000000000000e+02
