91792,1.308663000000000e+03,6.029800000000000e+01,1.610758000000000e+03
91792,1.295352000000000e+03,5.961900000000000e+01,1.372076000000000e+03
91792,1.247714000000000e+03,5.971000000000000e+01,1.590440000000000e+03
91792,1.266135000000000e+03,5.797800000000000e+01,1.589038000000000e+03
91792,1.243680000000000e+03,6.056700000000000e+01,1.620448000000000e+03
91792,1.291583000000000e+03,6.032900000000000e+01,1.359941000000000e+03
91792,1.263672000000000e+03,5.982000000000000e+01,1.493088000000000e+03
91792,1.092988000000000e+03,6.052900000000000e+01,1.385890000000000e+03
91792,1.258514000000000e+03,5.941400000000000e+01,1.226801000000000e+03
91792,1.164429000000000e+03,6.021500000000000e+01,1.355391000000000e+03
