91792,9.748480000000000e+02,5.299000000000000e+01,3.120509000000000e+03
91792,1.132378000000000e+03,5.524000000000000e+01,3.111307000000000e+03
91792,1.131149000000000e+03,5.725900000000000e+01,4.714840000000000e+03
91792,1.138419000000000e+03,5.544600000000000e+01,3.093224000000000e+03
91792,1.146705000000000e+03,5.304900000000000e+01,3.070233000000000e+03
91792,1.080573000000000e+03,5.128400000000000e+01,4.070341000000000e+03
91792,1.144507000000000e+03,5.528700000000000e+01,4.576949000000000e+03
91792,1.108999000000000e+03,5.543600000000000e+01,4.518981000000000e+03
91792,9.626940000000000e+02,5.451100000000000e+01,3.153966000000000e+03
91792,9.792720000000000e+02,5.685900000000000e+01,4.482886000000000e+03
