91792,1.122841000000000e+03,5.511000000000000e+01,4.789877000000000e+03
91792,1.264336000000000e+03,5.767700000000000e+01,4.733224000000000e+03
91792,1.236685000000000e+03,5.457800000000000e+01,4.659187000000000e+03
91792,1.266205000000000e+03,5.736700000000000e+01,3.286410000000000e+03
91792,1.225130000000000e+03,5.738800000000000e+01,3.240542000000000e+03
91792,1.223921000000000e+03,5.668500000000000e+01,4.764174000000000e+03
91792,1.235370000000000e+03,5.715300000000000e+01,4.625736000000000e+03
91792,1.036698000000000e+03,5.326800000000000e+01,3.229051000000000e+03
91792,1.238122000000000e+03,5.710200000000000e+01,4.674887000000000e+03
91792,1.281808000000000e+03,5.648400000000000e+01,4.764255000000000e+03
