91792,1.049520000000000e+03,5.501200000000000e+01,4.681877000000000e+03
91792,1.124342000000000e+03,6.233100000000000e+01,3.286973000000000e+03
91792,1.133715000000000e+03,5.270000000000000e+01,4.676784000000000e+03
91792,1.022727000000000e+03,5.295000000000000e+01,3.206622000000000e+03
91792,1.032435000000000e+03,5.497800000000000e+01,4.901240000000000e+03
91792,1.116807000000000e+03,5.406200000000000e+01,4.754647000000000e+03
91792,1.067548000000000e+03,5.512500000000000e+01,4.540227000000000e+03
91792,9.188650000000000e+02,5.420300000000000e+01,4.313958000000000e+03
91792,9.583339999999999e+02,5.227500000000000e+01,4.690774000000000e+03
91792,1.035259000000000e+03,5.487000000000000e+01,4.486411000000000e+03
