91792,1.205087000000000e+03,5.799600000000000e+01,8.965690000000000e+02
91792,1.163382000000000e+03,5.742900000000000e+01,8.679380000000000e+02
91792,1.183112000000000e+03,5.755700000000000e+01,8.329930000000001e+02
91792,1.077085000000000e+03,5.465300000000000e+01,9.558230000000000e+02
91792,1.189463000000000e+03,5.701300000000000e+01,8.283000000000000e+02
91792,1.063463000000000e+03,5.585900000000000e+01,8.689260000000000e+02
91792,1.070732000000000e+03,5.742500000000000e+01,7.690390000000000e+02
91792,1.134879000000000e+03,5.722500000000000e+01,7.830990000000000e+02
91792,1.119843000000000e+03,5.807200000000000e+01,8.232750000000000e+02
91792,1.058481000000000e+03,5.778000000000000e+01,7.844170000000000e+02
