91792,1.121467000000000e+03,5.770900000000000e+01,5.593368000000000e+03
91792,1.150560000000000e+03,5.586500000000000e+01,5.675789000000000e+03
91792,1.104495000000000e+03,5.537600000000000e+01,5.689984000000000e+03
91792,1.099601000000000e+03,5.862200000000000e+01,5.713767000000000e+03
91792,1.102947000000000e+03,5.464900000000000e+01,5.646632000000000e+03
91792,1.098724000000000e+03,5.605400000000000e+01,5.753844000000000e+03
91792,1.171480000000000e+03,6.499400000000000e+01,5.645923000000000e+03
91792,1.133819000000000e+03,5.577000000000000e+01,5.542712000000000e+03
91792,9.432460000000000e+02,5.549700000000000e+01,5.649051000000000e+03
91792,1.081967000000000e+03,5.510500000000000e+01,5.627487000000000e+03
