91792,1.335211000000000e+03,6.245600000000000e+01,4.580706000000000e+03
91792,1.514576000000000e+03,6.391100000000000e+01,6.816769000000000e+03
91792,1.572892000000000e+03,6.466100000000000e+01,4.478245000000000e+03
91792,1.500296000000000e+03,6.364700000000000e+01,4.554001000000000e+03
91792,1.498232000000000e+03,6.342500000000000e+01,4.445600000000000e+03
91792,1.516836000000000e+03,6.346300000000000e+01,4.456708000000000e+03
91792,1.503643000000000e+03,6.410599999999999e+01,4.583847000000000e+03
91792,1.522941000000000e+03,6.350700000000000e+01,6.757389000000000e+03
91792,1.486022000000000e+03,6.382800000000000e+01,6.758038000000000e+03
91792,1.517349000000000e+03,6.301800000000000e+01,4.577112000000000e+03
