91792,1.357376000000000e+03,6.267900000000000e+01,1.473207000000000e+03
91792,1.424867000000000e+03,6.533300000000000e+01,1.601079000000000e+03
91792,1.381096000000000e+03,6.431600000000000e+01,1.579143000000000e+03
91792,1.435924000000000e+03,6.252900000000000e+01,1.612358000000000e+03
91792,1.421117000000000e+03,6.244500000000000e+01,1.652336000000000e+03
91792,1.403255000000000e+03,6.199000000000000e+01,1.654672000000000e+03
91792,1.541314000000000e+03,6.254800000000000e+01,1.665609000000000e+03
91792,1.485400000000000e+03,6.221800000000000e+01,1.817040000000000e+03
91792,1.454365000000000e+03,6.255400000000000e+01,1.814442000000000e+03
91792,1.444986000000000e+03,6.184900000000000e+01,1.696725000000000e+03
