91792,1.395802000000000e+03,6.479200000000000e+01,9.309020000000000e+02
91792,1.244254000000000e+03,6.313000000000000e+01,9.573090000000000e+02
91792,1.360650000000000e+03,6.454500000000000e+01,9.242089999999999e+02
91792,1.361088000000000e+03,6.470099999999999e+01,8.606799999999999e+02
91792,1.363713000000000e+03,6.466000000000000e+01,9.697550000000000e+02
91792,1.387253000000000e+03,6.459600000000000e+01,9.664460000000000e+02
91792,1.428150000000000e+03,6.312100000000000e+01,1.058198000000000e+03
91792,1.405650000000000e+03,6.438400000000000e+01,8.892190000000001e+02
91792,1.277384000000000e+03,6.432400000000000e+01,9.325040000000000e+02
91792,1.396419000000000e+03,6.217700000000000e+01,9.065210000000000e+02
