91792,1.364236000000000e+03,6.224200000000000e+01,4.644890000000000e+02
91792,1.347150000000000e+03,6.273400000000000e+01,4.679390000000000e+02
91792,1.242417000000000e+03,6.104700000000000e+01,4.744400000000000e+02
91792,1.242814000000000e+03,6.207700000000000e+01,4.831430000000000e+02
91792,1.239557000000000e+03,6.083800000000000e+01,4.637180000000000e+02
91792,1.227707000000000e+03,6.278100000000000e+01,4.481080000000000e+02
91792,1.433523000000000e+03,6.304200000000000e+01,4.339950000000000e+02
91792,1.248815000000000e+03,6.226400000000000e+01,4.959460000000000e+02
91792,1.291273000000000e+03,6.459999999999999e+01,4.701040000000000e+02
91792,1.282542000000000e+03,6.289500000000000e+01,4.801170000000000e+02
