91792,1.113377000000000e+03,5.722000000000000e+01,8.208370000000000e+02
91792,9.822680000000000e+02,5.782300000000000e+01,8.704910000000000e+02
91792,1.017423000000000e+03,5.719700000000000e+01,8.768380000000000e+02
91792,1.025919000000000e+03,5.774800000000000e+01,8.648390000000001e+02
91792,1.011948000000000e+03,5.522300000000000e+01,8.510830000000000e+02
91792,9.764050000000000e+02,5.328600000000000e+01,7.849380000000000e+02
91792,9.371330000000000e+02,5.499100000000000e+01,7.959980000000000e+02
91792,9.306740000000000e+02,5.467100000000000e+01,9.151190000000000e+02
91792,9.797430000000001e+02,5.457500000000000e+01,7.918320000000000e+02
91792,1.119008000000000e+03,5.974500000000000e+01,9.632460000000000e+02
