91792,1.226304000000000e+03,5.594000000000000e+01,2.721265000000000e+03
91792,1.080006000000000e+03,5.572900000000000e+01,2.812894000000000e+03
91792,1.225072000000000e+03,5.722900000000000e+01,2.781304000000000e+03
91792,1.270205000000000e+03,5.622900000000000e+01,2.262173000000000e+03
91792,1.179178000000000e+03,5.628500000000000e+01,2.422698000000000e+03
91792,1.222670000000000e+03,5.585600000000000e+01,2.249894000000000e+03
91792,1.153937000000000e+03,5.391300000000000e+01,2.240449000000000e+03
91792,1.216557000000000e+03,5.590600000000000e+01,3.008031000000000e+03
91792,1.258526000000000e+03,5.748700000000000e+01,3.406445000000000e+03
91792,1.212087000000000e+03,5.592000000000000e+01,2.238473000000000e+03
