91792,1.101670000000000e+03,5.544500000000000e+01,1.719335000000000e+03
91792,1.012934000000000e+03,5.456100000000000e+01,1.559733000000000e+03
91792,1.054126000000000e+03,5.513800000000000e+01,2.199284000000000e+03
91792,1.077000000000000e+03,5.456000000000000e+01,1.619091000000000e+03
91792,9.204750000000000e+02,5.505600000000000e+01,1.706185000000000e+03
91792,1.018911000000000e+03,5.506200000000000e+01,1.500628000000000e+03
91792,1.071568000000000e+03,5.493400000000000e+01,1.519099000000000e+03
91792,1.131598000000000e+03,5.609500000000000e+01,1.693161000000000e+03
91792,9.368780000000000e+02,5.270300000000000e+01,1.535857000000000e+03
91792,1.048368000000000e+03,5.532100000000000e+01,2.222269000000000e+03
