91792,1.192500000000000e+03,5.814400000000000e+01,1.668498000000000e+03
91792,1.101885000000000e+03,6.025700000000000e+01,1.384686000000000e+03
91792,1.156386000000000e+03,5.481500000000000e+01,1.825103000000000e+03
91792,1.099352000000000e+03,5.748800000000000e+01,2.077312000000000e+03
91792,1.070759000000000e+03,5.746100000000000e+01,1.825362000000000e+03
91792,1.175677000000000e+03,5.612700000000000e+01,1.950873000000000e+03
91792,1.145826000000000e+03,5.738400000000000e+01,1.652681000000000e+03
91792,1.154143000000000e+03,5.678600000000000e+01,1.686448000000000e+03
91792,1.266236000000000e+03,5.539300000000000e+01,1.596447000000000e+03
91792,1.189529000000000e+03,5.647200000000000e+01,1.922392000000000e+03
