91792,1.432535000000000e+03,6.059600000000000e+01,8.657224000000000e+03
91792,1.431168000000000e+03,6.264100000000000e+01,8.615385000000000e+03
91792,1.523291000000000e+03,6.386600000000000e+01,8.574971000000000e+03
91792,1.442485000000000e+03,6.282500000000000e+01,8.622376000000000e+03
91792,1.527272000000000e+03,6.354400000000000e+01,8.616620999999999e+03
91792,1.472274000000000e+03,6.360600000000000e+01,8.577895000000000e+03
91792,1.508406000000000e+03,6.357200000000000e+01,8.505169000000000e+03
91792,1.506090000000000e+03,6.416600000000000e+01,8.594352000000001e+03
91792,1.525852000000000e+03,6.430300000000000e+01,8.586226000000001e+03
91792,1.524123000000000e+03,6.237700000000000e+01,8.608009000000000e+03
