91792,1.358777000000000e+03,6.234200000000000e+01,4.121808000000000e+03
91792,1.463148000000000e+03,6.504500000000000e+01,4.167393000000000e+03
91792,1.503462000000000e+03,6.657800000000000e+01,4.114960000000000e+03
91792,1.500130000000000e+03,6.447100000000000e+01,4.060409000000000e+03
91792,1.570983000000000e+03,6.573300000000000e+01,4.107059000000000e+03
91792,1.477174000000000e+03,6.345100000000000e+01,4.077829000000000e+03
91792,1.510104000000000e+03,6.582200000000000e+01,4.097658000000000e+03
91792,1.442356000000000e+03,6.372200000000000e+01,4.128382000000000e+03
91792,1.482356000000000e+03,6.306200000000000e+01,4.033320000000000e+03
91792,1.430514000000000e+03,6.207300000000000e+01,4.070771000000000e+03
