91792,1.449563000000000e+03,6.262600000000000e+01,1.980281000000000e+03
91792,1.467306000000000e+03,6.247500000000000e+01,1.966675000000000e+03
91792,1.445687000000000e+03,6.199000000000000e+01,1.625950000000000e+03
91792,1.373396000000000e+03,6.257900000000000e+01,1.627940000000000e+03
91792,1.411082000000000e+03,6.098100000000000e+01,1.558314000000000e+03
91792,1.247505000000000e+03,6.287400000000000e+01,1.340953000000000e+03
91792,1.296606000000000e+03,6.272500000000000e+01,1.367563000000000e+03
91792,1.368519000000000e+03,6.439700000000001e+01,1.626006000000000e+03
91792,1.370775000000000e+03,6.573000000000000e+01,1.260677000000000e+03
91792,1.433845000000000e+03,6.238300000000000e+01,1.623102000000000e+03
