91792,1.219543000000000e+03,5.606500000000000e+01,5.850029000000000e+03
91792,1.229081000000000e+03,5.588200000000000e+01,5.854058000000000e+03
91792,1.191464000000000e+03,5.612600000000000e+01,5.934216000000000e+03
91792,1.239912000000000e+03,5.368400000000000e+01,5.857891000000000e+03
91792,1.206058000000000e+03,5.544500000000000e+01,5.935960000000000e+03
91792,1.247426000000000e+03,5.685100000000000e+01,5.860361000000000e+03
91792,1.165394000000000e+03,5.541400000000000e+01,5.841476000000000e+03
91792,1.214575000000000e+03,5.578700000000000e+01,5.869277000000000e+03
91792,1.224935000000000e+03,5.384400000000000e+01,5.824567000000000e+03
91792,1.210131000000000e+03,5.558200000000000e+01,5.934390000000000e+03
