91792,1.380751000000000e+03,6.399700000000000e+01,2.853350000000000e+03
91792,1.333717000000000e+03,6.250400000000000e+01,2.932154000000000e+03
91792,1.521653000000000e+03,6.284000000000000e+01,2.945892000000000e+03
91792,1.489607000000000e+03,7.720099999999999e+01,2.452977000000000e+03
91792,1.498328000000000e+03,9.600800000000000e+01,2.944693000000000e+03
91792,1.350150000000000e+03,8.117000000000000e+01,2.988808000000000e+03
91792,1.479981000000000e+03,7.792000000000000e+01,2.979220000000000e+03
91792,1.486621000000000e+03,7.671700000000000e+01,2.935600000000000e+03
91792,1.479330000000000e+03,8.177200000000001e+01,2.988642000000000e+03
91792,1.432227000000000e+03,8.182299999999999e+01,3.591289000000000e+03
