91792,1.053290000000000e+03,6.141900000000000e+01,8.950970000000000e+02
91792,1.036471000000000e+03,5.649100000000000e+01,1.128588000000000e+03
91792,8.893020000000000e+02,7.108600000000000e+01,1.066635000000000e+03
91792,1.070128000000000e+03,8.361000000000000e+01,9.040430000000000e+02
91792,1.048417000000000e+03,7.524600000000000e+01,7.824230000000000e+02
91792,9.792370000000000e+02,5.639400000000000e+01,9.853390000000001e+02
91792,1.035017000000000e+03,8.145600000000000e+01,8.437970000000000e+02
91792,9.096070000000000e+02,5.652000000000000e+01,7.988049999999999e+02
91792,9.400330000000000e+02,5.705600000000000e+01,7.801150000000000e+02
91792,8.883450000000000e+02,7.041800000000001e+01,9.188840000000000e+02
