900896,1.783179000000000e+03,6.700000000000000e+01,6.114460000000000e+02
900896,1.718981000000000e+03,6.866700000000000e+01,6.401160000000000e+02
900896,1.641983000000000e+03,6.565100000000000e+01,5.318490000000000e+02
900896,1.663261000000000e+03,6.868800000000000e+01,5.934660000000000e+02
900896,1.656987000000000e+03,6.708300000000000e+01,5.848130000000000e+02
900896,1.751850000000000e+03,7.113600000000000e+01,5.786480000000000e+02
900896,1.664293000000000e+03,7.057299999999999e+01,5.345040000000000e+02
900896,1.651106000000000e+03,7.116200000000001e+01,5.923570000000000e+02
900896,1.840067000000000e+03,7.067700000000001e+01,5.225400000000000e+02
900896,1.714219000000000e+03,6.861000000000000e+01,6.179890000000000e+02
