900896,1.766344000000000e+03,6.849600000000000e+01,3.426368000000000e+03
900896,1.738857000000000e+03,6.827800000000001e+01,3.420119000000000e+03
900896,1.707853000000000e+03,6.918800000000000e+01,3.446801000000000e+03
900896,1.822215000000000e+03,6.711400000000000e+01,3.132793000000000e+03
900896,1.830553000000000e+03,7.070399999999999e+01,3.359209000000000e+03
900896,1.723771000000000e+03,7.119600000000000e+01,3.183777000000000e+03
900896,1.727238000000000e+03,6.961700000000000e+01,3.390699000000000e+03
900896,1.761925000000000e+03,7.112600000000000e+01,3.392833000000000e+03
900896,1.751458000000000e+03,7.061700000000000e+01,3.382710000000000e+03
900896,1.762781000000000e+03,6.910100000000000e+01,3.354720000000000e+03
