900896,1.191344000000000e+03,5.767100000000000e+01,2.593833000000000e+03
900896,1.168178000000000e+03,5.664700000000000e+01,2.687913000000000e+03
900896,1.234435000000000e+03,5.896400000000000e+01,2.687116000000000e+03
900896,1.181155000000000e+03,5.913600000000000e+01,2.695014000000000e+03
900896,1.200275000000000e+03,5.932300000000000e+01,2.511769000000000e+03
900896,9.993770000000000e+02,5.699300000000000e+01,2.663538000000000e+03
900896,1.199028000000000e+03,5.926100000000000e+01,2.656795000000000e+03
900896,1.217746000000000e+03,5.946300000000000e+01,2.699927000000000e+03
900896,1.240393000000000e+03,5.960400000000000e+01,2.694631000000000e+03
900896,1.113234000000000e+03,6.118800000000000e+01,2.662391000000000e+03
