900896,1.765483000000000e+03,6.962500000000000e+01,1.829375000000000e+03
900896,1.722852000000000e+03,6.899100000000000e+01,1.862963000000000e+03
900896,1.767986000000000e+03,6.859099999999999e+01,1.808894000000000e+03
900896,1.727222000000000e+03,6.926100000000000e+01,1.656629000000000e+03
900896,1.655828000000000e+03,6.890500000000000e+01,1.767855000000000e+03
900896,1.795456000000000e+03,6.663600000000000e+01,1.762305000000000e+03
900896,1.769027000000000e+03,7.025700000000001e+01,1.649879000000000e+03
900896,1.644926000000000e+03,6.895999999999999e+01,1.824463000000000e+03
900896,1.788420000000000e+03,7.023800000000000e+01,1.823949000000000e+03
900896,1.751317000000000e+03,6.946400000000000e+01,1.826683000000000e+03
