900896,1.205638000000000e+03,5.887200000000000e+01,1.629050000000000e+03
900896,1.242755000000000e+03,6.113000000000000e+01,1.840904000000000e+03
900896,1.324113000000000e+03,6.165300000000000e+01,1.836416000000000e+03
900896,1.286455000000000e+03,6.093400000000000e+01,1.604028000000000e+03
900896,1.247286000000000e+03,6.100000000000000e+01,2.270252000000000e+03
900896,1.292780000000000e+03,6.196300000000000e+01,1.808300000000000e+03
900896,1.131424000000000e+03,6.096600000000000e+01,1.637478000000000e+03
900896,1.261985000000000e+03,6.091400000000000e+01,2.169910000000000e+03
900896,1.293790000000000e+03,6.434399999999999e+01,1.628991000000000e+03
900896,1.289897000000000e+03,6.304900000000000e+01,1.587277000000000e+03
