900896,1.795209000000000e+03,6.920800000000000e+01,8.362910000000001e+02
900896,1.730994000000000e+03,7.132500000000000e+01,6.441840000000000e+02
900896,1.868266000000000e+03,7.121500000000000e+01,8.076900000000001e+02
900896,1.713447000000000e+03,6.887700000000000e+01,7.627859999999999e+02
900896,1.749827000000000e+03,6.906999999999999e+01,7.468380000000000e+02
900896,1.693747000000000e+03,6.796599999999999e+01,8.249370000000000e+02
900896,1.735138000000000e+03,7.073600000000000e+01,1.017817000000000e+03
900896,1.711969000000000e+03,6.938000000000000e+01,9.994810000000000e+02
900896,1.735665000000000e+03,7.109600000000000e+01,8.671460000000000e+02
900896,1.727689000000000e+03,7.082100000000000e+01,8.507920000000000e+02
