900896,1.825230000000000e+03,7.090700000000000e+01,6.024250000000000e+02
900896,1.800881000000000e+03,6.837800000000000e+01,6.036070000000000e+02
900896,1.597141000000000e+03,6.847600000000000e+01,6.170160000000000e+02
900896,1.688043000000000e+03,6.593700000000000e+01,5.355180000000000e+02
900896,1.853415000000000e+03,6.692900000000000e+01,5.559000000000000e+02
900896,1.689595000000000e+03,6.896800000000000e+01,6.089109999999999e+02
900896,1.746904000000000e+03,6.921599999999999e+01,6.544580000000000e+02
900896,1.691799000000000e+03,6.876700000000000e+01,6.862700000000000e+02
900896,1.637125000000000e+03,6.871299999999999e+01,5.979880000000001e+02
900896,1.696761000000000e+03,7.225500000000000e+01,6.074040000000000e+02
