900896,1.787515000000000e+03,6.899700000000000e+01,8.282170000000000e+02
900896,1.721299000000000e+03,6.859900000000000e+01,9.219720000000000e+02
900896,1.700906000000000e+03,6.843400000000000e+01,8.599190000000000e+02
900896,1.755937000000000e+03,6.855100000000000e+01,9.306470000000000e+02
900896,1.571394000000000e+03,6.663200000000001e+01,8.733040000000000e+02
900896,1.819541000000000e+03,6.882200000000000e+01,8.377710000000000e+02
900896,1.738009000000000e+03,6.866300000000000e+01,7.943339999999999e+02
900896,1.727511000000000e+03,6.826800000000000e+01,8.690240000000000e+02
900896,1.789129000000000e+03,6.898000000000000e+01,7.480700000000001e+02
900896,1.737590000000000e+03,7.114600000000000e+01,8.564010000000000e+02
