900896,3.079598000000000e+03,7.984300000000000e+01,7.557910000000001e+02
900896,3.077612000000000e+03,7.942200000000000e+01,7.534580000000000e+02
900896,3.149657000000000e+03,8.013300000000000e+01,8.703150000000001e+02
900896,3.045954000000000e+03,7.808600000000000e+01,8.389010000000000e+02
900896,3.198858000000000e+03,8.253000000000000e+01,7.942900000000000e+02
900896,3.026530000000000e+03,8.034699999999999e+01,8.269600000000000e+02
900896,3.167684000000000e+03,8.070099999999999e+01,6.894770000000000e+02
900896,3.153535000000000e+03,8.215800000000000e+01,7.102460000000000e+02
900896,2.915952000000000e+03,8.073200000000000e+01,6.404200000000000e+02
900896,2.972321000000000e+03,8.031699999999999e+01,8.566680000000000e+02
