900896,1.654102000000000e+03,7.102600000000000e+01,1.103173000000000e+03
900896,1.708915000000000e+03,6.937500000000000e+01,1.119282000000000e+03
900896,1.727597000000000e+03,6.892700000000001e+01,1.205436000000000e+03
900896,1.695526000000000e+03,6.882299999999999e+01,1.168081000000000e+03
900896,1.785941000000000e+03,6.877500000000001e+01,1.035167000000000e+03
900896,1.741361000000000e+03,6.775100000000000e+01,1.131531000000000e+03
900896,1.705386000000000e+03,6.887900000000000e+01,1.162153000000000e+03
900896,1.769952000000000e+03,6.893800000000000e+01,1.119018000000000e+03
900896,1.762539000000000e+03,7.061799999999999e+01,1.632487000000000e+03
900896,1.753805000000000e+03,7.098800000000000e+01,1.097917000000000e+03
