900896,1.722510000000000e+03,6.871599999999999e+01,4.247110000000000e+02
900896,1.577164000000000e+03,6.880300000000000e+01,4.063380000000000e+02
900896,1.583447000000000e+03,6.822400000000000e+01,4.009340000000000e+02
900896,1.595285000000000e+03,6.833600000000000e+01,4.169410000000000e+02
900896,1.684319000000000e+03,6.630200000000001e+01,3.475570000000000e+02
900896,1.591866000000000e+03,6.851100000000000e+01,4.151150000000000e+02
900896,1.567341000000000e+03,6.835400000000000e+01,4.080030000000000e+02
900896,1.779670000000000e+03,6.833600000000000e+01,4.172240000000000e+02
900896,1.701671000000000e+03,6.842200000000000e+01,3.254490000000000e+02
900896,1.677058000000000e+03,6.907599999999999e+01,4.104100000000000e+02
