900896,1.255499000000000e+03,6.373400000000000e+01,2.732951000000000e+03
900896,1.274061000000000e+03,6.081400000000000e+01,2.798206000000000e+03
900896,1.316860000000000e+03,6.307000000000000e+01,2.846139000000000e+03
900896,1.235683000000000e+03,6.290900000000000e+01,2.820505000000000e+03
900896,1.273186000000000e+03,6.318400000000000e+01,2.817662000000000e+03
900896,1.253352000000000e+03,6.314900000000000e+01,2.791443000000000e+03
900896,1.267723000000000e+03,6.255600000000000e+01,2.842488000000000e+03
900896,1.247574000000000e+03,6.263500000000000e+01,2.803199000000000e+03
900896,1.264607000000000e+03,6.169900000000000e+01,2.754862000000000e+03
900896,1.282032000000000e+03,6.363000000000000e+01,2.828539000000000e+03
