900896,1.289942000000000e+03,6.112700000000000e+01,5.719520000000000e+02
900896,1.126083000000000e+03,6.086800000000000e+01,5.703010000000000e+02
900896,1.110138000000000e+03,6.114700000000000e+01,4.946050000000000e+02
900896,1.101261000000000e+03,6.133400000000000e+01,6.057380000000001e+02
900896,1.282286000000000e+03,6.119200000000000e+01,6.078860000000000e+02
900896,1.104836000000000e+03,6.127700000000000e+01,5.313290000000000e+02
900896,1.178254000000000e+03,6.098400000000000e+01,6.820780000000000e+02
900896,1.198016000000000e+03,5.851100000000000e+01,6.098140000000000e+02
900896,1.076899000000000e+03,6.067600000000000e+01,6.119340000000000e+02
900896,1.108155000000000e+03,5.943700000000000e+01,6.303080000000000e+02
