900896,2.152741000000000e+03,7.791600000000000e+01,8.437630000000000e+02
900896,2.135739000000000e+03,7.771800000000000e+01,8.312290000000000e+02
900896,2.119128000000000e+03,7.811300000000000e+01,8.144990000000000e+02
900896,2.091161000000000e+03,7.577100000000000e+01,7.509080000000000e+02
900896,1.987494000000000e+03,7.504400000000000e+01,8.475830000000000e+02
900896,2.148376000000000e+03,7.583300000000000e+01,7.465530000000000e+02
900896,2.094757000000000e+03,7.526000000000001e+01,7.371100000000000e+02
900896,2.113128000000000e+03,7.523600000000000e+01,7.815470000000000e+02
900896,2.115518000000000e+03,7.495800000000000e+01,8.366330000000000e+02
900896,2.142670000000000e+03,7.522400000000000e+01,7.508830000000000e+02
