900896,1.763993000000000e+03,6.890000000000001e+01,1.336658000000000e+03
900896,1.785847000000000e+03,6.846599999999999e+01,1.315824000000000e+03
900896,1.820439000000000e+03,6.830300000000000e+01,1.320892000000000e+03
900896,1.711196000000000e+03,6.884300000000000e+01,1.315128000000000e+03
900896,1.788690000000000e+03,6.870200000000000e+01,1.332292000000000e+03
900896,1.725648000000000e+03,6.849100000000000e+01,1.167445000000000e+03
900896,1.722252000000000e+03,6.624700000000000e+01,1.357274000000000e+03
900896,1.760809000000000e+03,6.839600000000000e+01,1.335378000000000e+03
900896,1.744951000000000e+03,6.837200000000000e+01,1.330317000000000e+03
900896,1.717498000000000e+03,6.805300000000000e+01,1.299088000000000e+03
