900896,1.061545000000000e+03,5.909700000000000e+01,1.103171000000000e+03
900896,1.169907000000000e+03,6.207500000000000e+01,1.215008000000000e+03
900896,1.156257000000000e+03,5.927000000000000e+01,9.815240000000000e+02
900896,1.186573000000000e+03,6.057100000000000e+01,1.358005000000000e+03
900896,1.175649000000000e+03,5.938100000000000e+01,1.062968000000000e+03
900896,1.245168000000000e+03,5.932000000000000e+01,1.116304000000000e+03
900896,1.104584000000000e+03,5.736100000000000e+01,9.440069999999999e+02
900896,1.244516000000000e+03,5.889000000000000e+01,1.003344000000000e+03
900896,1.168524000000000e+03,5.860900000000000e+01,1.057196000000000e+03
900896,1.184341000000000e+03,5.872400000000000e+01,9.681190000000000e+02
