900896,3.124245000000000e+03,8.133199999999999e+01,3.389781000000000e+03
900896,3.047534000000000e+03,7.947900000000000e+01,3.173102000000000e+03
900896,2.942942000000000e+03,7.934099999999999e+01,3.429867000000000e+03
900896,3.118184000000000e+03,7.918500000000000e+01,3.455018000000000e+03
900896,3.123978000000000e+03,7.922700000000000e+01,3.352358000000000e+03
900896,3.037071000000000e+03,7.887100000000000e+01,3.410917000000000e+03
900896,3.046537000000000e+03,7.953300000000000e+01,3.475709000000000e+03
900896,3.078830000000000e+03,7.887600000000000e+01,3.450796000000000e+03
900896,3.105175000000000e+03,7.931399999999999e+01,3.396028000000000e+03
900896,3.049395000000000e+03,7.984399999999999e+01,3.437315000000000e+03
