900896,1.064239000000000e+03,6.050000000000000e+01,7.269180000000000e+02
900896,9.457240000000000e+02,5.836500000000000e+01,7.983819999999999e+02
900896,1.057643000000000e+03,6.159400000000000e+01,7.764620000000000e+02
900896,9.362670000000001e+02,5.983600000000000e+01,7.144600000000000e+02
900896,9.971330000000000e+02,5.992800000000000e+01,7.184760000000000e+02
900896,1.022356000000000e+03,5.986800000000000e+01,7.470910000000000e+02
900896,1.096604000000000e+03,6.680700000000000e+01,7.599420000000000e+02
900896,1.028192000000000e+03,5.936300000000000e+01,7.622360000000000e+02
900896,1.108673000000000e+03,6.526700000000000e+01,7.362010000000000e+02
900896,1.040036000000000e+03,5.805600000000000e+01,7.836910000000000e+02
