900896,1.848534000000000e+03,6.937700000000000e+01,1.884985000000000e+03
900896,1.790923000000000e+03,7.070999999999999e+01,1.755261000000000e+03
900896,1.616067000000000e+03,7.102600000000000e+01,1.815230000000000e+03
900896,1.641729000000000e+03,7.140200000000000e+01,1.873831000000000e+03
900896,1.740242000000000e+03,6.816900000000000e+01,2.717965000000000e+03
900896,1.743424000000000e+03,7.103700000000001e+01,1.905874000000000e+03
900896,1.696530000000000e+03,6.881100000000001e+01,2.739286000000000e+03
900896,1.768089000000000e+03,7.091400000000000e+01,1.823768000000000e+03
900896,1.776239000000000e+03,6.840600000000001e+01,1.921658000000000e+03
900896,1.723854000000000e+03,6.845999999999999e+01,2.586199000000000e+03
