900896,1.775814000000000e+03,7.043400000000000e+01,5.050300000000000e+02
900896,1.593235000000000e+03,6.823000000000000e+01,4.610840000000000e+02
900896,1.556082000000000e+03,6.840500000000000e+01,3.996530000000000e+02
900896,1.602891000000000e+03,6.863100000000000e+01,4.566070000000000e+02
900896,1.664659000000000e+03,6.672400000000000e+01,4.780730000000000e+02
900896,1.571248000000000e+03,6.705400000000000e+01,3.781310000000000e+02
900896,1.788689000000000e+03,6.886600000000000e+01,4.683290000000000e+02
900896,1.676827000000000e+03,7.048800000000000e+01,4.739160000000000e+02
900896,1.703138000000000e+03,7.089900000000000e+01,5.252619999999999e+02
900896,1.830258000000000e+03,6.837500000000000e+01,4.719940000000000e+02
