900896,9.214299999999999e+02,5.777600000000000e+01,1.123126000000000e+03
900896,1.039021000000000e+03,5.817600000000000e+01,1.153927000000000e+03
900896,1.052519000000000e+03,5.779800000000000e+01,1.276206000000000e+03
900896,1.044213000000000e+03,5.793700000000000e+01,1.118929000000000e+03
900896,1.019961000000000e+03,5.764000000000000e+01,1.131467000000000e+03
900896,1.025621000000000e+03,5.788100000000000e+01,1.157166000000000e+03
900896,1.078653000000000e+03,5.952200000000000e+01,1.083141000000000e+03
900896,1.034899000000000e+03,5.771700000000000e+01,1.157594000000000e+03
900896,1.053618000000000e+03,5.786000000000000e+01,1.107859000000000e+03
900896,1.081491000000000e+03,5.765100000000000e+01,1.062926000000000e+03
