900896,1.227159000000000e+03,6.103500000000000e+01,2.212731000000000e+03
900896,1.176625000000000e+03,5.901600000000000e+01,1.575223000000000e+03
900896,1.215992000000000e+03,5.836800000000000e+01,1.579365000000000e+03
900896,1.161543000000000e+03,5.827900000000000e+01,1.559055000000000e+03
900896,1.216002000000000e+03,6.038800000000000e+01,1.568820000000000e+03
900896,1.153735000000000e+03,5.852500000000000e+01,2.166911000000000e+03
900896,1.253113000000000e+03,5.854200000000000e+01,1.726103000000000e+03
900896,1.141158000000000e+03,5.856600000000000e+01,1.772026000000000e+03
900896,1.190035000000000e+03,5.843900000000000e+01,1.560697000000000e+03
900896,1.246191000000000e+03,5.854700000000000e+01,2.112605000000000e+03
