900896,1.203420000000000e+03,5.884200000000000e+01,5.735480000000000e+02
900896,1.222735000000000e+03,5.859700000000000e+01,5.833070000000000e+02
900896,1.055439000000000e+03,5.863900000000000e+01,6.019330000000000e+02
900896,1.267778000000000e+03,5.831900000000000e+01,5.087760000000000e+02
900896,1.297902000000000e+03,5.853500000000000e+01,6.103980000000000e+02
900896,1.048271000000000e+03,5.959700000000000e+01,6.442569999999999e+02
900896,1.212981000000000e+03,5.845900000000000e+01,5.574530000000000e+02
900896,1.097646000000000e+03,5.863800000000000e+01,5.597670000000001e+02
900896,1.202572000000000e+03,5.844000000000000e+01,5.762270000000000e+02
900896,9.974430000000000e+02,5.871600000000000e+01,5.675660000000000e+02
