900896,1.033399000000000e+03,6.096300000000000e+01,2.640112000000000e+03
900896,1.195271000000000e+03,5.853700000000000e+01,2.712004000000000e+03
900896,1.166862000000000e+03,5.780700000000000e+01,2.566509000000000e+03
900896,1.157608000000000e+03,5.948100000000000e+01,2.701401000000000e+03
900896,1.230669000000000e+03,5.970800000000000e+01,2.735149000000000e+03
900896,1.191106000000000e+03,5.980300000000000e+01,2.644350000000000e+03
900896,1.161522000000000e+03,5.972000000000000e+01,2.730815000000000e+03
900896,1.171660000000000e+03,5.954400000000000e+01,2.669417000000000e+03
900896,1.167653000000000e+03,5.980200000000000e+01,2.714535000000000e+03
900896,1.128023000000000e+03,5.974900000000000e+01,2.697307000000000e+03
