900896,1.099783000000000e+03,5.831500000000000e+01,8.002630000000000e+02
900896,1.050195000000000e+03,5.810700000000000e+01,8.146580000000000e+02
900896,1.118415000000000e+03,5.838200000000000e+01,7.078440000000001e+02
900896,9.420150000000000e+02,5.820700000000000e+01,7.165790000000000e+02
900896,9.743060000000000e+02,5.837200000000000e+01,7.449810000000000e+02
900896,1.124620000000000e+03,6.000300000000000e+01,8.326730000000000e+02
900896,1.045484000000000e+03,5.840700000000000e+01,7.430390000000000e+02
900896,1.075079000000000e+03,6.719700000000000e+01,7.189120000000000e+02
900896,1.002969000000000e+03,5.533100000000000e+01,8.572950000000000e+02
900896,1.086531000000000e+03,6.183600000000000e+01,6.892329999999999e+02
