900896,2.055646000000000e+03,7.411100000000000e+01,4.680460000000000e+02
900896,2.149281000000000e+03,7.550400000000000e+01,3.751480000000000e+02
900896,2.120973000000000e+03,7.719100000000000e+01,4.845080000000000e+02
900896,2.117015000000000e+03,7.610899999999999e+01,4.434620000000000e+02
900896,1.903880000000000e+03,7.481300000000000e+01,4.738690000000000e+02
900896,2.109535000000000e+03,7.344700000000000e+01,4.776190000000000e+02
900896,1.916165000000000e+03,7.561300000000000e+01,3.858360000000000e+02
900896,1.950516000000000e+03,7.536400000000000e+01,4.999520000000000e+02
900896,1.962678000000000e+03,7.673800000000000e+01,4.899140000000000e+02
900896,2.079448000000000e+03,7.788500000000001e+01,4.592490000000000e+02
