900896,3.125552000000000e+03,8.020300000000000e+01,1.008034000000000e+03
900896,3.144223000000000e+03,8.015700000000000e+01,1.141845000000000e+03
900896,3.029643000000000e+03,8.026500000000000e+01,1.124669000000000e+03
900896,3.110537000000000e+03,8.029900000000001e+01,1.125742000000000e+03
900896,3.051622000000000e+03,8.001100000000000e+01,1.120307000000000e+03
900896,3.095403000000000e+03,8.018300000000001e+01,1.592228000000000e+03
900896,3.067546000000000e+03,8.000000000000000e+01,1.130288000000000e+03
900896,3.040836000000000e+03,8.027700000000000e+01,1.140962000000000e+03
900896,3.055686000000000e+03,7.944799999999999e+01,1.168470000000000e+03
900896,3.093408000000000e+03,7.946500000000000e+01,1.631241000000000e+03
