900896,2.139763000000000e+03,7.843600000000001e+01,4.834790000000000e+02
900896,2.106922000000000e+03,7.471299999999999e+01,4.033080000000000e+02
900896,2.081478000000000e+03,7.850000000000000e+01,3.836500000000000e+02
900896,1.945601000000000e+03,7.579200000000000e+01,4.824020000000000e+02
900896,2.158648000000000e+03,7.558700000000000e+01,4.406970000000000e+02
900896,2.037721000000000e+03,7.355800000000001e+01,4.790940000000000e+02
900896,2.092554000000000e+03,7.678300000000000e+01,4.653300000000000e+02
900896,2.108322000000000e+03,7.768700000000000e+01,4.787560000000000e+02
900896,2.041624000000000e+03,7.476500000000000e+01,4.370610000000000e+02
900896,1.957498000000000e+03,7.595300000000000e+01,4.874540000000000e+02
