900896,2.123675000000000e+03,7.510100000000000e+01,6.364220000000000e+02
900896,2.143953000000000e+03,9.225900000000000e+01,5.572710000000000e+02
900896,2.127850000000000e+03,7.574100000000000e+01,5.972970000000000e+02
900896,2.092904000000000e+03,7.362500000000000e+01,5.494470000000000e+02
900896,2.081100000000000e+03,7.543800000000000e+01,6.368510000000000e+02
900896,2.096217000000000e+03,7.570000000000000e+01,6.392500000000000e+02
900896,2.097365000000000e+03,7.531100000000001e+01,6.310260000000000e+02
900896,2.141361000000000e+03,7.543700000000000e+01,5.795440000000000e+02
900896,2.091181000000000e+03,7.793800000000000e+01,5.992070000000000e+02
900896,2.109592000000000e+03,7.569300000000000e+01,5.782260000000000e+02
