900896,9.137990000000000e+02,5.821400000000000e+01,2.686399000000000e+03
900896,1.123526000000000e+03,5.973500000000000e+01,2.552619000000000e+03
900896,9.381559999999999e+02,5.819900000000000e+01,2.690089000000000e+03
900896,1.052167000000000e+03,6.003200000000000e+01,2.625776000000000e+03
900896,1.085964000000000e+03,5.865100000000000e+01,2.671188000000000e+03
900896,1.152742000000000e+03,5.632800000000000e+01,2.540606000000000e+03
900896,1.090528000000000e+03,6.492100000000001e+01,2.687232000000000e+03
900896,1.090146000000000e+03,5.803600000000000e+01,2.666897000000000e+03
900896,1.064518000000000e+03,5.630100000000000e+01,2.568682000000000e+03
900896,1.107095000000000e+03,5.787600000000000e+01,2.648039000000000e+03
