900896,1.062861000000000e+03,5.866200000000000e+01,2.651407000000000e+03
900896,1.096937000000000e+03,5.834600000000000e+01,2.657831000000000e+03
900896,1.073307000000000e+03,6.646100000000000e+01,2.668206000000000e+03
900896,1.068835000000000e+03,6.309100000000000e+01,2.614777000000000e+03
900896,1.116141000000000e+03,5.874800000000000e+01,2.510741000000000e+03
900896,1.096750000000000e+03,6.264100000000000e+01,2.622520000000000e+03
900896,1.088679000000000e+03,5.834300000000000e+01,2.660379000000000e+03
900896,1.141794000000000e+03,5.827300000000000e+01,2.586376000000000e+03
900896,1.080346000000000e+03,5.547900000000000e+01,2.643993000000000e+03
900896,1.074586000000000e+03,6.668000000000001e+01,2.662197000000000e+03
