900896,2.071089000000000e+03,7.540600000000001e+01,3.401234000000000e+03
900896,2.080609000000000e+03,7.577800000000001e+01,3.309190000000000e+03
900896,2.105834000000000e+03,7.508799999999999e+01,3.411358000000000e+03
900896,2.078052000000000e+03,7.518400000000000e+01,3.421291000000000e+03
900896,2.096689000000000e+03,7.488700000000000e+01,3.411445000000000e+03
900896,2.039240000000000e+03,7.533100000000000e+01,3.393310000000000e+03
900896,2.083790000000000e+03,7.498200000000000e+01,3.402358000000000e+03
900896,2.121443000000000e+03,7.499299999999999e+01,3.392523000000000e+03
900896,2.087975000000000e+03,7.564400000000001e+01,3.423254000000000e+03
900896,2.086311000000000e+03,7.499400000000000e+01,3.418313000000000e+03
