900896,2.904930000000000e+03,7.985200000000000e+01,1.924731000000000e+03
900896,3.092194000000000e+03,7.922499999999999e+01,1.937293000000000e+03
900896,3.071875000000000e+03,7.965000000000001e+01,1.928860000000000e+03
900896,3.147025000000000e+03,7.938100000000000e+01,1.885901000000000e+03
900896,3.141423000000000e+03,7.944900000000000e+01,1.941030000000000e+03
900896,3.058289000000000e+03,7.969700000000000e+01,1.940257000000000e+03
900896,3.045171000000000e+03,7.981600000000000e+01,1.889290000000000e+03
900896,3.109211000000000e+03,7.949299999999999e+01,2.789474000000000e+03
900896,3.081051000000000e+03,7.946899999999999e+01,1.933672000000000e+03
900896,3.071564000000000e+03,7.970399999999999e+01,1.932747000000000e+03
