900896,3.198838000000000e+03,8.130400000000000e+01,4.753880000000000e+02
900896,3.158606000000000e+03,7.931600000000000e+01,4.879290000000000e+02
900896,2.967671000000000e+03,7.995000000000000e+01,4.738480000000000e+02
900896,2.974003000000000e+03,7.902600000000000e+01,4.887230000000000e+02
900896,3.074601000000000e+03,7.926400000000000e+01,4.440020000000000e+02
900896,3.001985000000000e+03,8.023699999999999e+01,4.751780000000000e+02
900896,3.148076000000000e+03,7.952400000000000e+01,4.510740000000000e+02
900896,2.961605000000000e+03,7.955700000000000e+01,4.594430000000000e+02
900896,3.151615000000000e+03,8.080800000000001e+01,4.951310000000000e+02
900896,3.125720000000000e+03,7.956800000000000e+01,4.862730000000000e+02
