900896,1.195950000000000e+03,5.899500000000000e+01,7.194020000000000e+02
900896,1.063211000000000e+03,5.867300000000000e+01,7.439250000000000e+02
900896,1.149302000000000e+03,5.847800000000000e+01,7.510400000000000e+02
900896,1.217948000000000e+03,5.863200000000000e+01,7.929860000000000e+02
900896,1.202556000000000e+03,5.856400000000000e+01,7.939690000000001e+02
900896,1.236144000000000e+03,5.851000000000000e+01,7.453770000000000e+02
900896,1.156344000000000e+03,5.849100000000000e+01,7.098590000000000e+02
900896,1.094069000000000e+03,5.851200000000000e+01,7.299210000000000e+02
900896,1.038644000000000e+03,5.889900000000000e+01,7.748540000000000e+02
900896,1.198829000000000e+03,5.854700000000000e+01,8.903110000000000e+02
