900896,3.103594000000000e+03,7.972400000000000e+01,1.015421000000000e+03
900896,2.919957000000000e+03,7.970399999999999e+01,1.162856000000000e+03
900896,3.094805000000000e+03,7.945000000000000e+01,1.121599000000000e+03
900896,3.105314000000000e+03,7.734300000000000e+01,1.627320000000000e+03
900896,3.099960000000000e+03,7.954800000000000e+01,1.576713000000000e+03
900896,3.027259000000000e+03,7.980900000000000e+01,1.644304000000000e+03
900896,3.111981000000000e+03,7.973699999999999e+01,1.104057000000000e+03
900896,3.041646000000000e+03,7.903500000000000e+01,1.630632000000000e+03
900896,3.146059000000000e+03,8.006900000000000e+01,1.692754000000000e+03
900896,3.055175000000000e+03,7.907599999999999e+01,1.472707000000000e+03
