900896,1.193198000000000e+03,6.058400000000000e+01,4.935880000000000e+02
900896,1.173976000000000e+03,6.060900000000000e+01,4.951150000000000e+02
900896,1.102313000000000e+03,5.899300000000000e+01,4.627400000000000e+02
900896,1.094606000000000e+03,5.938500000000000e+01,4.724180000000000e+02
900896,1.055156000000000e+03,6.044800000000000e+01,5.068780000000000e+02
900896,1.037905000000000e+03,5.826600000000000e+01,4.387180000000000e+02
900896,1.123177000000000e+03,6.106900000000000e+01,3.894260000000000e+02
900896,1.087811000000000e+03,5.661400000000000e+01,4.898380000000000e+02
900896,1.144670000000000e+03,5.911000000000000e+01,3.812580000000000e+02
900896,1.113172000000000e+03,6.013900000000000e+01,3.981840000000000e+02
