900896,1.014781000000000e+03,5.884200000000000e+01,2.518775000000000e+03
900896,1.076712000000000e+03,5.836200000000000e+01,2.687281000000000e+03
900896,1.195110000000000e+03,5.922200000000000e+01,2.669805000000000e+03
900896,1.235776000000000e+03,5.940200000000000e+01,2.648525000000000e+03
900896,1.148956000000000e+03,5.731100000000000e+01,2.662698000000000e+03
900896,1.199063000000000e+03,5.952500000000000e+01,2.688193000000000e+03
900896,1.149506000000000e+03,5.951600000000000e+01,2.704376000000000e+03
900896,1.191887000000000e+03,5.974700000000000e+01,2.699563000000000e+03
900896,1.195512000000000e+03,5.955300000000000e+01,2.512939000000000e+03
900896,1.208478000000000e+03,6.051800000000000e+01,2.513510000000000e+03
