900896,3.137859000000000e+03,8.253500000000000e+01,6.816280000000000e+02
900896,3.027747000000000e+03,7.948999999999999e+01,6.258970000000000e+02
900896,3.095703000000000e+03,8.005500000000001e+01,6.193260000000000e+02
900896,3.131169000000000e+03,7.762800000000000e+01,5.945069999999999e+02
900896,2.908350000000000e+03,7.960800000000000e+01,5.705510000000000e+02
900896,3.149833000000000e+03,8.255500000000001e+01,6.351290000000000e+02
900896,3.061271000000000e+03,8.361799999999999e+01,5.135340000000000e+02
900896,3.105153000000000e+03,7.956500000000000e+01,6.359500000000000e+02
900896,2.951949000000000e+03,7.949400000000000e+01,6.100400000000000e+02
900896,3.126187000000000e+03,8.258900000000000e+01,5.895560000000000e+02
