900896,1.301634000000000e+03,6.326000000000000e+01,1.621144000000000e+03
900896,1.288327000000000e+03,6.287200000000000e+01,1.609485000000000e+03
900896,1.280738000000000e+03,6.174400000000000e+01,2.225979000000000e+03
900896,1.289949000000000e+03,6.113600000000000e+01,1.798825000000000e+03
900896,1.336072000000000e+03,6.148500000000000e+01,1.639212000000000e+03
900896,1.268492000000000e+03,6.085700000000000e+01,1.633568000000000e+03
900896,1.260177000000000e+03,6.055500000000000e+01,1.618209000000000e+03
900896,1.323995000000000e+03,6.108300000000000e+01,1.852076000000000e+03
900896,1.258516000000000e+03,6.170600000000000e+01,1.827884000000000e+03
900896,1.232164000000000e+03,6.217400000000000e+01,1.588468000000000e+03
