900896,1.707915000000000e+03,7.081800000000000e+01,8.924480000000000e+02
900896,1.788445000000000e+03,7.102900000000000e+01,8.043750000000000e+02
900896,1.693696000000000e+03,6.865500000000000e+01,7.177590000000000e+02
900896,1.683857000000000e+03,7.100500000000000e+01,7.010190000000000e+02
900896,1.736449000000000e+03,7.092400000000001e+01,7.335130000000000e+02
900896,1.614134000000000e+03,6.914300000000000e+01,7.359540000000000e+02
900896,1.612414000000000e+03,6.889600000000000e+01,7.245920000000000e+02
900896,1.663212000000000e+03,7.052700000000000e+01,6.834690000000001e+02
900896,1.712047000000000e+03,6.910800000000000e+01,8.673840000000000e+02
900896,1.744528000000000e+03,7.100600000000000e+01,7.949870000000000e+02
