900896,2.136500000000000e+03,7.571800000000000e+01,5.041020000000000e+02
900896,1.960766000000000e+03,7.641700000000000e+01,6.176120000000000e+02
900896,1.954859000000000e+03,7.536300000000000e+01,5.892060000000000e+02
900896,2.086815000000000e+03,7.502500000000001e+01,5.907660000000000e+02
900896,1.929991000000000e+03,7.487700000000000e+01,6.110090000000000e+02
900896,1.960316000000000e+03,7.626200000000000e+01,6.091680000000000e+02
900896,2.068973000000000e+03,7.301800000000000e+01,5.853410000000000e+02
900896,2.104465000000000e+03,7.626300000000001e+01,5.769200000000000e+02
900896,2.117696000000000e+03,7.543500000000000e+01,5.964130000000000e+02
900896,2.132249000000000e+03,7.502700000000000e+01,5.949380000000000e+02
