900896,3.093932000000000e+03,8.004800000000000e+01,6.369360000000000e+02
900896,3.090811000000000e+03,7.751800000000000e+01,5.966360000000000e+02
900896,3.000464000000000e+03,8.011000000000000e+01,5.842150000000000e+02
900896,3.009256000000000e+03,7.926000000000001e+01,6.273860000000000e+02
900896,3.048977000000000e+03,7.767900000000000e+01,5.057680000000000e+02
900896,2.945221000000000e+03,7.923699999999999e+01,6.260700000000001e+02
900896,2.908486000000000e+03,7.950900000000000e+01,5.956799999999999e+02
900896,3.129291000000000e+03,8.026100000000000e+01,6.090740000000000e+02
900896,3.025266000000000e+03,8.012200000000000e+01,6.003350000000000e+02
900896,3.122385000000000e+03,8.051100000000000e+01,6.119440000000000e+02
