900896,1.064423000000000e+03,5.816000000000000e+01,5.805470000000000e+02
900896,8.995630000000000e+02,5.773700000000000e+01,5.482400000000000e+02
900896,8.989550000000000e+02,5.758400000000000e+01,5.857470000000000e+02
900896,9.869410000000000e+02,5.812400000000000e+01,5.533140000000000e+02
900896,9.810540000000000e+02,5.634200000000000e+01,5.347950000000000e+02
900896,1.115468000000000e+03,5.993700000000000e+01,5.587020000000000e+02
900896,8.932150000000000e+02,5.830500000000000e+01,6.415170000000001e+02
900896,1.066750000000000e+03,5.878200000000000e+01,5.862240000000000e+02
900896,9.420830000000000e+02,6.142100000000000e+01,5.495990000000000e+02
900896,9.253900000000000e+02,5.798700000000000e+01,5.737190000000001e+02
