900896,6.713430000000000e+02,4.810600000000000e+01,2.210368000000000e+03
900896,5.774730000000000e+02,4.963800000000000e+01,2.096470000000000e+03
900896,6.813600000000000e+02,5.512000000000000e+01,2.232557000000000e+03
900896,5.427510000000000e+02,4.435400000000000e+01,2.094761000000000e+03
900896,6.735490000000000e+02,5.422600000000000e+01,2.231661000000000e+03
900896,6.682440000000000e+02,5.423200000000000e+01,2.200754000000000e+03
900896,5.770640000000000e+02,5.398700000000000e+01,2.151313000000000e+03
900896,6.258570000000000e+02,5.239900000000000e+01,2.813994000000000e+03
900896,6.175780000000000e+02,5.155700000000000e+01,2.167413000000000e+03
900896,5.848740000000000e+02,4.829600000000000e+01,2.136825000000000e+03
