900896,2.095881000000000e+03,7.499600000000000e+01,1.134936000000000e+03
900896,2.144798000000000e+03,7.549700000000000e+01,9.870980000000000e+02
900896,2.020883000000000e+03,7.594799999999999e+01,1.115929000000000e+03
900896,2.157921000000000e+03,7.749900000000000e+01,1.665343000000000e+03
900896,2.146390000000000e+03,7.506399999999999e+01,1.616246000000000e+03
900896,2.160639000000000e+03,7.847100000000000e+01,1.089909000000000e+03
900896,2.090653000000000e+03,7.510800000000000e+01,1.456544000000000e+03
900896,2.139296000000000e+03,7.572700000000000e+01,1.585170000000000e+03
900896,2.070579000000000e+03,7.669199999999999e+01,1.125508000000000e+03
900896,2.015560000000000e+03,8.641800000000001e+01,1.581195000000000e+03
