900896,2.131591000000000e+03,7.848200000000000e+01,1.853436000000000e+03
900896,1.988135000000000e+03,7.686900000000000e+01,1.907884000000000e+03
900896,2.074594000000000e+03,7.612700000000000e+01,2.763822000000000e+03
900896,2.117674000000000e+03,7.563900000000000e+01,1.748481000000000e+03
900896,1.895648000000000e+03,7.482700000000000e+01,1.750369000000000e+03
900896,2.000249000000000e+03,7.643600000000001e+01,2.712326000000000e+03
900896,2.069328000000000e+03,7.542000000000000e+01,1.815976000000000e+03
900896,2.016999000000000e+03,7.521200000000000e+01,2.768612000000000e+03
900896,2.111202000000000e+03,7.515600000000001e+01,1.894755000000000e+03
900896,2.139262000000000e+03,7.524700000000000e+01,1.910320000000000e+03
