450896,2.923649000000000e+03,1.236850000000000e+02,1.051497000000000e+03
450896,2.897718000000000e+03,1.274130000000000e+02,1.074084000000000e+03
450896,2.832203000000000e+03,1.268970000000000e+02,1.061854000000000e+03
450896,2.997782000000000e+03,1.273730000000000e+02,1.099386000000000e+03
450896,2.944201000000000e+03,1.240590000000000e+02,1.042589000000000e+03
450896,2.872817000000000e+03,1.264230000000000e+02,1.049031000000000e+03
450896,2.943875000000000e+03,1.233590000000000e+02,1.038670000000000e+03
450896,2.825922000000000e+03,1.231470000000000e+02,1.040419000000000e+03
450896,2.775704000000000e+03,1.237380000000000e+02,9.995620000000000e+02
450896,2.756977000000000e+03,1.227660000000000e+02,1.055360000000000e+03
