450896,1.957133000000000e+03,1.114600000000000e+02,1.395180000000000e+03
450896,1.804648000000000e+03,1.089700000000000e+02,1.398133000000000e+03
450896,1.750247000000000e+03,1.090320000000000e+02,1.249297000000000e+03
450896,1.854215000000000e+03,1.089390000000000e+02,1.357171000000000e+03
450896,1.927090000000000e+03,1.168640000000000e+02,1.399583000000000e+03
450896,1.785895000000000e+03,1.134360000000000e+02,1.348633000000000e+03
450896,1.866992000000000e+03,1.098250000000000e+02,1.361390000000000e+03
450896,1.826326000000000e+03,1.102030000000000e+02,1.307282000000000e+03
450896,1.913424000000000e+03,1.105360000000000e+02,1.261402000000000e+03
450896,1.811907000000000e+03,1.130310000000000e+02,1.404105000000000e+03
