450896,2.922163000000000e+03,1.229230000000000e+02,8.683987999999999e+03
450896,2.891422000000000e+03,1.248310000000000e+02,8.685213000000000e+03
450896,2.892946000000000e+03,1.208840000000000e+02,8.688684999999999e+03
450896,2.914073000000000e+03,1.241980000000000e+02,8.680163000000000e+03
450896,2.899825000000000e+03,1.247060000000000e+02,8.708347000000000e+03
450896,2.905551000000000e+03,1.244770000000000e+02,8.679821000000000e+03
450896,2.904821000000000e+03,1.237200000000000e+02,8.643218000000001e+03
450896,2.893373000000000e+03,1.249860000000000e+02,8.705013000000001e+03
450896,2.888005000000000e+03,1.247990000000000e+02,8.769057000000001e+03
450896,2.968844000000000e+03,1.232170000000000e+02,8.670252000000000e+03
