450896,1.162260000000000e+03,9.775600000000000e+01,7.589614000000000e+03
450896,1.182027000000000e+03,1.015630000000000e+02,7.585583000000000e+03
450896,1.175718000000000e+03,9.527700000000000e+01,1.205755900000000e+04
450896,1.128618000000000e+03,9.498099999999999e+01,7.525790000000000e+03
450896,1.188149000000000e+03,9.477400000000000e+01,7.603932000000000e+03
450896,1.137381000000000e+03,9.457700000000000e+01,8.252624000000000e+03
450896,1.037488000000000e+03,9.817600000000000e+01,1.202370700000000e+04
450896,1.149669000000000e+03,1.002250000000000e+02,7.612008000000000e+03
450896,1.194113000000000e+03,1.011290000000000e+02,1.221011100000000e+04
450896,1.198256000000000e+03,9.555600000000000e+01,1.197274300000000e+04
