450896,1.101936000000000e+03,9.845900000000000e+01,6.943042000000000e+03
450896,9.345160000000000e+02,9.465300000000001e+01,4.137972000000000e+03
450896,1.104509000000000e+03,9.439300000000000e+01,4.168629000000000e+03
450896,1.070079000000000e+03,9.425900000000000e+01,4.561174000000000e+03
450896,1.058124000000000e+03,9.643500000000000e+01,4.120598000000000e+03
450896,1.078691000000000e+03,9.401300000000001e+01,5.449565000000000e+03
450896,1.118488000000000e+03,9.790700000000000e+01,5.031140000000000e+03
450896,1.087705000000000e+03,1.051660000000000e+02,5.662819000000000e+03
450896,1.082434000000000e+03,1.059350000000000e+02,4.878987000000000e+03
450896,1.039343000000000e+03,1.151230000000000e+02,5.482076000000000e+03
