450896,1.986391000000000e+03,1.087230000000000e+02,3.385014000000000e+03
450896,2.038997000000000e+03,1.104120000000000e+02,3.181173000000000e+03
450896,1.948217000000000e+03,1.105000000000000e+02,4.026548000000000e+03
450896,1.944308000000000e+03,1.102210000000000e+02,2.643071000000000e+03
450896,1.901968000000000e+03,1.099460000000000e+02,3.422082000000000e+03
450896,1.982005000000000e+03,1.125640000000000e+02,3.280103000000000e+03
450896,2.019240000000000e+03,1.102260000000000e+02,2.772450000000000e+03
450896,1.973297000000000e+03,1.110200000000000e+02,2.967173000000000e+03
450896,1.999645000000000e+03,1.114380000000000e+02,3.392113000000000e+03
450896,2.023642000000000e+03,1.105590000000000e+02,2.597829000000000e+03
