450896,2.983682000000000e+03,1.268770000000000e+02,1.655100600000000e+04
450896,2.911450000000000e+03,1.258490000000000e+02,1.646855500000000e+04
450896,2.998660000000000e+03,1.258340000000000e+02,1.632107600000000e+04
450896,3.012676000000000e+03,1.243860000000000e+02,1.663245800000000e+04
450896,2.851845000000000e+03,1.234390000000000e+02,1.642881100000000e+04
450896,2.877825000000000e+03,1.234770000000000e+02,1.660170500000000e+04
450896,2.902896000000000e+03,1.552230000000000e+02,1.660462500000000e+04
450896,2.831051000000000e+03,1.234720000000000e+02,1.660155300000000e+04
450896,2.877467000000000e+03,1.235810000000000e+02,1.660995700000000e+04
450896,2.906180000000000e+03,1.236430000000000e+02,1.623882100000000e+04
