450896,9.169349999999999e+02,9.388800000000001e+01,1.415057300000000e+04
450896,1.075600000000000e+03,1.038910000000000e+02,1.395855500000000e+04
450896,1.081261000000000e+03,9.264800000000000e+01,1.406890200000000e+04
450896,1.037379000000000e+03,9.508400000000000e+01,1.400805400000000e+04
450896,1.043837000000000e+03,9.513500000000001e+01,1.382933500000000e+04
450896,1.024056000000000e+03,9.514400000000001e+01,1.404246600000000e+04
450896,1.044558000000000e+03,9.564600000000000e+01,1.405460200000000e+04
450896,1.064117000000000e+03,9.002500000000001e+01,1.415972200000000e+04
450896,1.060229000000000e+03,9.551900000000001e+01,1.396684900000000e+04
450896,1.041286000000000e+03,9.527000000000000e+01,1.406242700000000e+04
