450896,2.774262000000000e+03,1.192120000000000e+02,2.013839000000000e+03
450896,2.987440000000000e+03,1.231300000000000e+02,2.248331000000000e+03
450896,2.891244000000000e+03,1.224700000000000e+02,1.924752000000000e+03
450896,2.807899000000000e+03,1.226740000000000e+02,2.085179000000000e+03
450896,2.865604000000000e+03,1.230740000000000e+02,2.142994000000000e+03
450896,3.023960000000000e+03,1.238440000000000e+02,2.019949000000000e+03
450896,2.901561000000000e+03,1.246230000000000e+02,2.040178000000000e+03
450896,2.968068000000000e+03,1.224860000000000e+02,1.879146000000000e+03
450896,2.850956000000000e+03,1.240860000000000e+02,1.971053000000000e+03
450896,2.853471000000000e+03,1.230780000000000e+02,1.876205000000000e+03
