450896,1.050939000000000e+03,9.542400000000001e+01,3.582504000000000e+03
450896,9.343720000000000e+02,9.908499999999999e+01,3.624087000000000e+03
450896,9.643410000000000e+02,9.525800000000000e+01,3.454376000000000e+03
450896,1.078583000000000e+03,9.745399999999999e+01,3.260566000000000e+03
450896,1.071481000000000e+03,1.099040000000000e+02,3.656974000000000e+03
450896,8.832329999999999e+02,9.379200000000000e+01,3.478615000000000e+03
450896,1.089661000000000e+03,1.056200000000000e+02,3.950432000000000e+03
450896,1.120083000000000e+03,8.917600000000000e+01,3.693243000000000e+03
450896,9.609310000000000e+02,9.410700000000000e+01,3.253954000000000e+03
450896,1.025655000000000e+03,9.370500000000000e+01,3.710990000000000e+03
