450896,2.960048000000000e+03,1.249240000000000e+02,2.261363000000000e+03
450896,2.916876000000000e+03,1.269830000000000e+02,1.864277000000000e+03
450896,2.769921000000000e+03,1.192320000000000e+02,2.026054000000000e+03
450896,2.922347000000000e+03,1.247640000000000e+02,2.084628000000000e+03
450896,2.882727000000000e+03,1.188230000000000e+02,2.122089000000000e+03
450896,2.906624000000000e+03,1.224350000000000e+02,1.928322000000000e+03
450896,2.792180000000000e+03,1.219460000000000e+02,2.073492000000000e+03
450896,2.932539000000000e+03,1.268130000000000e+02,1.962101000000000e+03
450896,2.919578000000000e+03,1.226890000000000e+02,1.922720000000000e+03
450896,2.890115000000000e+03,1.229130000000000e+02,2.208785000000000e+03
