450896,1.138867000000000e+03,9.582400000000000e+01,1.344682000000000e+04
450896,1.122969000000000e+03,9.592300000000000e+01,1.343245900000000e+04
450896,1.072807000000000e+03,9.386499999999999e+01,1.339084600000000e+04
450896,1.077478000000000e+03,9.762900000000000e+01,1.337967200000000e+04
450896,1.073058000000000e+03,9.277900000000000e+01,1.340811100000000e+04
450896,1.083725000000000e+03,9.715800000000000e+01,1.337341300000000e+04
450896,1.083447000000000e+03,9.722700000000000e+01,1.336867600000000e+04
450896,1.058459000000000e+03,9.724400000000000e+01,1.342608900000000e+04
450896,1.083606000000000e+03,9.810500000000000e+01,1.354040800000000e+04
450896,1.061342000000000e+03,9.792800000000000e+01,1.336796500000000e+04
