450896,2.943621000000000e+03,1.242060000000000e+02,3.555741000000000e+03
450896,2.977824000000000e+03,1.197170000000000e+02,3.417312000000000e+03
450896,2.958300000000000e+03,1.221720000000000e+02,3.004863000000000e+03
450896,2.886506000000000e+03,1.225180000000000e+02,3.430721000000000e+03
450896,2.939139000000000e+03,1.224630000000000e+02,2.942740000000000e+03
450896,2.885842000000000e+03,1.226950000000000e+02,3.092413000000000e+03
450896,2.788982000000000e+03,1.230040000000000e+02,3.574003000000000e+03
450896,2.968806000000000e+03,1.223650000000000e+02,3.200339000000000e+03
450896,2.925548000000000e+03,1.226380000000000e+02,3.483580000000000e+03
450896,2.940349000000000e+03,1.228520000000000e+02,2.925743000000000e+03
