450896,1.143343000000000e+03,9.561799999999999e+01,1.401080700000000e+04
450896,1.094611000000000e+03,9.588800000000001e+01,1.402953600000000e+04
450896,1.076647000000000e+03,9.151100000000000e+01,1.409948200000000e+04
450896,1.029950000000000e+03,9.472600000000000e+01,1.399712400000000e+04
450896,1.046909000000000e+03,9.481300000000000e+01,1.403684800000000e+04
450896,1.069171000000000e+03,9.599299999999999e+01,1.399551000000000e+04
450896,1.047805000000000e+03,9.035200000000000e+01,1.408971900000000e+04
450896,1.103128000000000e+03,9.494000000000000e+01,1.404724300000000e+04
450896,1.069510000000000e+03,9.451300000000001e+01,1.403679700000000e+04
450896,1.044982000000000e+03,9.469600000000000e+01,1.403308000000000e+04
