450896,1.966722000000000e+03,1.118640000000000e+02,1.405579000000000e+03
450896,1.894527000000000e+03,1.102300000000000e+02,1.349439000000000e+03
450896,1.905847000000000e+03,1.101030000000000e+02,1.346531000000000e+03
450896,1.814394000000000e+03,1.062280000000000e+02,1.381758000000000e+03
450896,1.824297000000000e+03,1.093100000000000e+02,1.328669000000000e+03
450896,1.854015000000000e+03,1.098080000000000e+02,1.343060000000000e+03
450896,1.815853000000000e+03,1.097210000000000e+02,1.355064000000000e+03
450896,1.862791000000000e+03,1.070260000000000e+02,1.410744000000000e+03
450896,1.877512000000000e+03,1.097090000000000e+02,1.345399000000000e+03
450896,1.831605000000000e+03,1.096570000000000e+02,1.285298000000000e+03
