450896,2.932003000000000e+03,1.244500000000000e+02,4.110566000000000e+03
450896,2.940909000000000e+03,1.232090000000000e+02,4.146068000000000e+03
450896,2.961508000000000e+03,1.229260000000000e+02,3.341557000000000e+03
450896,2.909039000000000e+03,1.224250000000000e+02,3.458252000000000e+03
450896,3.044081000000000e+03,1.240840000000000e+02,3.043645000000000e+03
450896,2.902324000000000e+03,1.231460000000000e+02,3.517769000000000e+03
450896,2.906659000000000e+03,1.224040000000000e+02,4.096427000000000e+03
450896,2.949048000000000e+03,1.226310000000000e+02,3.274933000000000e+03
450896,2.924783000000000e+03,1.233670000000000e+02,3.130597000000000e+03
450896,2.828622000000000e+03,1.228780000000000e+02,3.494549000000000e+03
