450896,2.982829000000000e+03,1.241090000000000e+02,4.668745000000000e+03
450896,2.946785000000000e+03,1.236240000000000e+02,4.843793000000000e+03
450896,2.942924000000000e+03,1.238840000000000e+02,5.457937000000000e+03
450896,2.940806000000000e+03,1.233190000000000e+02,4.860575000000000e+03
450896,2.981724000000000e+03,1.230950000000000e+02,7.164029000000000e+03
450896,2.884007000000000e+03,1.263030000000000e+02,6.937164000000000e+03
450896,2.901612000000000e+03,1.267380000000000e+02,4.690464000000000e+03
450896,2.949346000000000e+03,1.231840000000000e+02,5.807367000000000e+03
450896,2.914456000000000e+03,1.260120000000000e+02,5.675920000000000e+03
450896,2.923038000000000e+03,1.231700000000000e+02,5.863724000000000e+03
