450896,2.936856000000000e+03,1.241770000000000e+02,4.186823000000000e+03
450896,2.990711000000000e+03,1.236530000000000e+02,3.344443000000000e+03
450896,2.965663000000000e+03,1.226070000000000e+02,4.146511000000000e+03
450896,2.964954000000000e+03,1.229300000000000e+02,3.465350000000000e+03
450896,2.975816000000000e+03,1.258660000000000e+02,3.249260000000000e+03
450896,2.967176000000000e+03,1.237010000000000e+02,2.908699000000000e+03
450896,2.876837000000000e+03,1.242630000000000e+02,3.488059000000000e+03
450896,2.885915000000000e+03,1.225860000000000e+02,3.511694000000000e+03
450896,2.940890000000000e+03,1.227120000000000e+02,3.515753000000000e+03
450896,2.923298000000000e+03,1.220610000000000e+02,3.517742000000000e+03
