450896,2.027020000000000e+03,1.099740000000000e+02,5.124424000000000e+03
450896,1.964355000000000e+03,1.109460000000000e+02,6.076999000000000e+03
450896,1.964925000000000e+03,1.107710000000000e+02,5.749694000000000e+03
450896,1.962794000000000e+03,1.106810000000000e+02,5.647209000000000e+03
450896,1.977071000000000e+03,1.112190000000000e+02,6.075870000000000e+03
450896,1.976135000000000e+03,1.114470000000000e+02,5.644968000000000e+03
450896,1.791940000000000e+03,1.092620000000000e+02,5.986236000000000e+03
450896,1.937628000000000e+03,1.134370000000000e+02,5.804722000000000e+03
450896,1.920877000000000e+03,1.135350000000000e+02,5.959393000000000e+03
450896,1.925642000000000e+03,1.139810000000000e+02,5.830859000000000e+03
