450896,1.992754000000000e+03,1.147490000000000e+02,3.004203000000000e+03
450896,1.978682000000000e+03,1.116140000000000e+02,2.631051000000000e+03
450896,1.857168000000000e+03,1.090500000000000e+02,2.696957000000000e+03
450896,1.916708000000000e+03,1.115590000000000e+02,3.442683000000000e+03
450896,1.942083000000000e+03,1.135460000000000e+02,3.310853000000000e+03
450896,1.906668000000000e+03,1.105840000000000e+02,3.423938000000000e+03
450896,1.904606000000000e+03,1.142210000000000e+02,3.403327000000000e+03
450896,1.993666000000000e+03,1.121420000000000e+02,4.208374000000000e+03
450896,1.921041000000000e+03,1.094250000000000e+02,2.990774000000000e+03
450896,1.890518000000000e+03,1.093920000000000e+02,3.256817000000000e+03
