450896,9.461400000000000e+02,9.487300000000000e+01,1.321064500000000e+04
450896,1.024316000000000e+03,9.601500000000000e+01,1.314874100000000e+04
450896,1.042967000000000e+03,9.639300000000000e+01,1.360886600000000e+04
450896,1.060854000000000e+03,9.577400000000000e+01,1.344232200000000e+04
450896,1.103026000000000e+03,9.414300000000000e+01,1.337981800000000e+04
450896,1.085895000000000e+03,9.956000000000000e+01,1.335181400000000e+04
450896,1.056436000000000e+03,9.505100000000000e+01,1.339138700000000e+04
450896,1.016217000000000e+03,9.557100000000000e+01,1.328501600000000e+04
450896,1.063104000000000e+03,9.522400000000000e+01,1.331709300000000e+04
450896,1.062316000000000e+03,9.496599999999999e+01,1.338357800000000e+04
