450896,1.763592000000000e+03,1.089340000000000e+02,1.730530100000000e+04
450896,1.938788000000000e+03,1.114170000000000e+02,1.728623400000000e+04
450896,1.932943000000000e+03,1.132850000000000e+02,1.712689200000000e+04
450896,1.919009000000000e+03,1.134930000000000e+02,1.712707600000000e+04
450896,1.883926000000000e+03,1.126650000000000e+02,1.709609700000000e+04
450896,1.923315000000000e+03,1.122730000000000e+02,1.709096900000000e+04
450896,1.917210000000000e+03,1.100890000000000e+02,1.727449900000000e+04
450896,1.921035000000000e+03,1.098770000000000e+02,1.720801700000000e+04
450896,1.989921000000000e+03,1.118130000000000e+02,1.690617500000000e+04
450896,1.997028000000000e+03,1.167750000000000e+02,1.704500100000000e+04
