450896,1.006650000000000e+03,9.720600000000000e+01,1.772850000000000e+03
450896,8.894890000000000e+02,9.697100000000000e+01,1.838781000000000e+03
450896,9.517940000000000e+02,9.744499999999999e+01,1.718777000000000e+03
450896,9.514970000000000e+02,9.711499999999999e+01,1.847057000000000e+03
450896,9.632720000000000e+02,9.497199999999999e+01,1.991710000000000e+03
450896,9.975830000000000e+02,9.500400000000000e+01,1.850060000000000e+03
450896,9.730910000000000e+02,9.575500000000000e+01,1.735056000000000e+03
450896,9.266670000000000e+02,9.942500000000000e+01,1.869785000000000e+03
450896,9.216630000000000e+02,9.512300000000000e+01,1.873004000000000e+03
450896,9.528480000000000e+02,9.705200000000001e+01,1.941165000000000e+03
