450896,1.146754000000000e+03,9.540400000000000e+01,1.888896000000000e+03
450896,9.756100000000000e+02,9.497499999999999e+01,1.931020000000000e+03
450896,9.475060000000000e+02,9.709999999999999e+01,1.743216000000000e+03
450896,9.469030000000000e+02,9.503200000000000e+01,1.552295000000000e+03
450896,9.783720000000000e+02,9.700800000000000e+01,1.998840000000000e+03
450896,1.031025000000000e+03,9.703700000000001e+01,1.959864000000000e+03
450896,9.358130000000000e+02,9.751500000000000e+01,1.783997000000000e+03
450896,9.306490000000000e+02,9.737500000000000e+01,2.109098000000000e+03
450896,9.762370000000000e+02,9.711199999999999e+01,1.709016000000000e+03
450896,1.033124000000000e+03,9.909500000000000e+01,1.735992000000000e+03
