450896,2.015891000000000e+03,1.112510000000000e+02,2.207210000000000e+03
450896,1.908444000000000e+03,1.052690000000000e+02,2.088295000000000e+03
450896,1.973788000000000e+03,1.113350000000000e+02,2.140908000000000e+03
450896,2.028131000000000e+03,1.064890000000000e+02,2.063710000000000e+03
450896,1.946876000000000e+03,1.103790000000000e+02,2.081502000000000e+03
450896,1.863854000000000e+03,1.100010000000000e+02,1.804221000000000e+03
450896,1.861691000000000e+03,1.100100000000000e+02,2.055856000000000e+03
450896,1.855592000000000e+03,1.100030000000000e+02,2.160472000000000e+03
450896,1.823837000000000e+03,1.094970000000000e+02,1.952184000000000e+03
450896,1.938598000000000e+03,1.138730000000000e+02,1.921205000000000e+03
