450896,2.045280000000000e+03,1.116420000000000e+02,3.193215000000000e+03
450896,1.830423000000000e+03,1.092530000000000e+02,3.620801000000000e+03
450896,1.989698000000000e+03,1.116840000000000e+02,3.261828000000000e+03
450896,2.077139000000000e+03,1.105300000000000e+02,3.245026000000000e+03
450896,1.971919000000000e+03,1.117040000000000e+02,3.250075000000000e+03
450896,1.947360000000000e+03,1.099860000000000e+02,3.586681000000000e+03
450896,1.960061000000000e+03,1.110540000000000e+02,3.470945000000000e+03
450896,1.815908000000000e+03,1.095410000000000e+02,3.046767000000000e+03
450896,1.859388000000000e+03,1.101080000000000e+02,2.983192000000000e+03
450896,1.970769000000000e+03,1.109060000000000e+02,3.239861000000000e+03
