450896,2.922555000000000e+03,1.194100000000000e+02,1.412330000000000e+03
450896,2.861664000000000e+03,1.227460000000000e+02,1.368828000000000e+03
450896,2.783505000000000e+03,1.235800000000000e+02,1.470516000000000e+03
450896,2.870943000000000e+03,1.234640000000000e+02,1.290015000000000e+03
450896,2.815587000000000e+03,1.231310000000000e+02,1.346865000000000e+03
450896,2.761007000000000e+03,1.231370000000000e+02,1.485460000000000e+03
450896,2.865064000000000e+03,1.225420000000000e+02,1.474845000000000e+03
450896,2.942667000000000e+03,1.235750000000000e+02,1.378073000000000e+03
450896,2.973989000000000e+03,1.228010000000000e+02,1.376566000000000e+03
450896,2.866236000000000e+03,1.244860000000000e+02,1.372447000000000e+03
