450896,1.151218000000000e+03,9.512500000000000e+01,1.098582200000000e+04
450896,1.040111000000000e+03,9.428000000000000e+01,8.133875000000000e+03
450896,1.050048000000000e+03,9.461700000000000e+01,1.126951700000000e+04
450896,1.084551000000000e+03,9.752500000000001e+01,8.104326000000000e+03
450896,9.532680000000000e+02,9.546200000000000e+01,1.140564700000000e+04
450896,1.142708000000000e+03,9.802000000000000e+01,7.766839000000000e+03
450896,1.112528000000000e+03,9.777600000000000e+01,7.186970000000000e+03
450896,1.094377000000000e+03,9.777300000000000e+01,1.135947700000000e+04
450896,1.077061000000000e+03,9.744400000000000e+01,7.134893000000000e+03
450896,1.098081000000000e+03,9.662400000000000e+01,7.826119000000000e+03
