450896,1.803736000000000e+03,1.095060000000000e+02,2.265299000000000e+03
450896,1.902504000000000e+03,1.091710000000000e+02,1.999739000000000e+03
450896,1.926129000000000e+03,1.092140000000000e+02,2.040466000000000e+03
450896,1.909374000000000e+03,1.055150000000000e+02,2.086761000000000e+03
450896,1.917655000000000e+03,1.095580000000000e+02,1.876989000000000e+03
450896,1.843789000000000e+03,1.127290000000000e+02,2.073431000000000e+03
450896,1.926850000000000e+03,1.133050000000000e+02,2.044078000000000e+03
450896,1.999213000000000e+03,1.162820000000000e+02,2.040159000000000e+03
450896,1.980782000000000e+03,1.125670000000000e+02,2.281164000000000e+03
450896,1.959289000000000e+03,1.110350000000000e+02,1.884936000000000e+03
