450896,1.995483000000000e+03,1.159000000000000e+02,4.909748000000000e+03
450896,2.004378000000000e+03,1.110110000000000e+02,5.017537000000000e+03
450896,1.930625000000000e+03,1.103270000000000e+02,4.934826000000000e+03
450896,1.948118000000000e+03,1.113930000000000e+02,6.877661000000000e+03
450896,1.836928000000000e+03,1.090870000000000e+02,7.069340000000000e+03
450896,1.947807000000000e+03,1.103280000000000e+02,4.861049000000000e+03
450896,1.983786000000000e+03,1.148350000000000e+02,5.025596000000000e+03
450896,1.936948000000000e+03,1.115230000000000e+02,4.915234000000000e+03
450896,1.957717000000000e+03,1.130610000000000e+02,4.501048000000000e+03
450896,2.017176000000000e+03,1.145220000000000e+02,7.132466000000000e+03
