450896,1.047932000000000e+03,9.744000000000000e+01,2.587422000000000e+03
450896,9.335100000000000e+02,9.747799999999999e+01,2.857966000000000e+03
450896,9.486420000000001e+02,9.728600000000000e+01,2.875716000000000e+03
450896,9.713080000000000e+02,9.722700000000000e+01,3.226609000000000e+03
450896,1.025258000000000e+03,9.756200000000000e+01,2.386385000000000e+03
450896,9.645010000000000e+02,9.913500000000001e+01,2.589883000000000e+03
450896,1.051355000000000e+03,9.747900000000000e+01,2.548115000000000e+03
450896,9.749240000000000e+02,9.716800000000001e+01,2.378709000000000e+03
450896,1.020677000000000e+03,9.760200000000000e+01,2.530466000000000e+03
450896,9.497010000000000e+02,9.763900000000000e+01,2.384534000000000e+03
