450896,1.949726000000000e+03,1.111580000000000e+02,8.356451999999999e+03
450896,1.989398000000000e+03,1.136130000000000e+02,8.466076000000001e+03
450896,1.954863000000000e+03,1.088260000000000e+02,8.441562000000000e+03
450896,1.938959000000000e+03,1.108730000000000e+02,8.315360000000001e+03
450896,1.954581000000000e+03,1.134800000000000e+02,8.100055000000000e+03
450896,1.901429000000000e+03,1.106950000000000e+02,8.323275000000000e+03
450896,1.935963000000000e+03,1.119470000000000e+02,8.393838000000000e+03
450896,2.038550000000000e+03,1.120050000000000e+02,8.192133000000000e+03
450896,2.026455000000000e+03,1.114920000000000e+02,8.355184999999999e+03
450896,1.919815000000000e+03,1.115720000000000e+02,8.339606000000000e+03
