450896,1.171830000000000e+03,1.095060000000000e+02,1.793725000000000e+03
450896,1.024603000000000e+03,9.550700000000001e+01,1.932929000000000e+03
450896,1.044096000000000e+03,9.722000000000000e+01,1.718091000000000e+03
450896,1.134368000000000e+03,9.492000000000000e+01,1.629126000000000e+03
450896,9.781830000000000e+02,9.517100000000001e+01,2.018211000000000e+03
450896,1.042309000000000e+03,9.460200000000000e+01,1.826298000000000e+03
450896,1.010365000000000e+03,9.444000000000000e+01,2.061799000000000e+03
450896,1.107561000000000e+03,9.975400000000000e+01,1.928179000000000e+03
450896,1.067215000000000e+03,9.525800000000000e+01,1.911718000000000e+03
450896,1.032721000000000e+03,9.756999999999999e+01,1.861562000000000e+03
