450896,2.981031000000000e+03,1.276530000000000e+02,5.098520000000000e+03
450896,3.054375000000000e+03,1.269420000000000e+02,4.615480000000000e+03
450896,2.864011000000000e+03,1.191630000000000e+02,5.127196000000000e+03
450896,2.957260000000000e+03,1.223780000000000e+02,5.094265000000000e+03
450896,2.872423000000000e+03,1.250800000000000e+02,7.227266000000000e+03
450896,2.930683000000000e+03,1.278660000000000e+02,5.046250000000000e+03
450896,2.962509000000000e+03,1.232090000000000e+02,4.953420000000000e+03
450896,2.815297000000000e+03,1.233050000000000e+02,4.447989000000000e+03
450896,2.828932000000000e+03,1.226880000000000e+02,7.171101000000000e+03
450896,2.882675000000000e+03,1.231780000000000e+02,4.626285000000000e+03
