450896,3.027978000000000e+03,1.241720000000000e+02,2.142842000000000e+03
450896,2.868535000000000e+03,1.239700000000000e+02,2.032631000000000e+03
450896,2.957279000000000e+03,1.232900000000000e+02,1.869718000000000e+03
450896,2.744761000000000e+03,1.220160000000000e+02,2.037081000000000e+03
450896,2.792168000000000e+03,1.230880000000000e+02,1.873827000000000e+03
450896,2.802032000000000e+03,1.225900000000000e+02,2.110411000000000e+03
450896,2.826302000000000e+03,1.227430000000000e+02,1.876890000000000e+03
450896,2.760936000000000e+03,1.233720000000000e+02,1.968870000000000e+03
450896,2.730139000000000e+03,1.219150000000000e+02,1.973413000000000e+03
450896,2.804670000000000e+03,1.223070000000000e+02,1.923326000000000e+03
