450896,2.001249000000000e+03,1.153900000000000e+02,5.058070000000000e+03
450896,1.865953000000000e+03,1.100940000000000e+02,4.544857000000000e+03
450896,1.964448000000000e+03,1.146840000000000e+02,5.060551000000000e+03
450896,1.905756000000000e+03,1.109650000000000e+02,7.333280000000000e+03
450896,1.978178000000000e+03,1.109170000000000e+02,5.092503000000000e+03
450896,1.981582000000000e+03,1.110860000000000e+02,5.081985000000000e+03
450896,1.913842000000000e+03,1.096440000000000e+02,5.010022000000000e+03
450896,1.994869000000000e+03,1.109910000000000e+02,5.096392000000000e+03
450896,1.959240000000000e+03,1.105310000000000e+02,4.633514000000000e+03
450896,1.961242000000000e+03,1.107140000000000e+02,5.091776000000000e+03
