450896,1.069494000000000e+03,9.442500000000000e+01,1.803225000000000e+03
450896,1.005943000000000e+03,9.577000000000000e+01,1.865619000000000e+03
450896,9.877490000000000e+02,9.726900000000001e+01,1.720036000000000e+03
450896,9.324010000000000e+02,9.392200000000000e+01,1.532368000000000e+03
450896,9.265730000000000e+02,9.416200000000001e+01,1.765834000000000e+03
450896,9.603620000000000e+02,9.034000000000000e+01,1.477115000000000e+03
450896,9.697300000000000e+02,9.415800000000000e+01,1.642928000000000e+03
450896,9.631079999999999e+02,9.429800000000000e+01,1.713752000000000e+03
450896,9.908070000000000e+02,9.405700000000000e+01,1.744329000000000e+03
450896,9.669690000000001e+02,1.011750000000000e+02,3.405327000000000e+03
