450896,2.046617000000000e+03,1.114350000000000e+02,1.042896000000000e+03
450896,1.838258000000000e+03,1.106780000000000e+02,1.038637000000000e+03
450896,1.844410000000000e+03,1.140030000000000e+02,1.017513000000000e+03
450896,1.910411000000000e+03,1.144250000000000e+02,1.055116000000000e+03
450896,1.875348000000000e+03,1.109820000000000e+02,1.017662000000000e+03
450896,1.826345000000000e+03,1.109000000000000e+02,9.869320000000000e+02
450896,1.821003000000000e+03,1.112290000000000e+02,8.963030000000000e+02
450896,1.934477000000000e+03,1.140060000000000e+02,1.033284000000000e+03
450896,1.872045000000000e+03,1.108390000000000e+02,1.020675000000000e+03
450896,1.994270000000000e+03,1.152600000000000e+02,1.058252000000000e+03
