450896,1.194322000000000e+03,9.493000000000001e+01,5.708969000000000e+03
450896,1.185484000000000e+03,9.741200000000001e+01,4.684188000000000e+03
450896,1.181478000000000e+03,9.736300000000000e+01,5.787889000000000e+03
450896,1.152067000000000e+03,9.496100000000000e+01,5.650929000000000e+03
450896,1.062932000000000e+03,9.523000000000000e+01,5.220929000000000e+03
450896,1.248548000000000e+03,9.695900000000000e+01,5.224487000000000e+03
450896,1.211825000000000e+03,9.369100000000000e+01,4.279400000000000e+03
450896,1.245329000000000e+03,9.779500000000000e+01,5.781221000000000e+03
450896,1.203306000000000e+03,9.566100000000000e+01,5.045765000000000e+03
450896,1.007840000000000e+03,9.764800000000000e+01,4.355284000000000e+03
