450896,2.951515000000000e+03,1.239040000000000e+02,4.634979000000000e+03
450896,2.924569000000000e+03,1.244470000000000e+02,5.150830000000000e+03
450896,2.915192000000000e+03,1.205710000000000e+02,5.054655000000000e+03
450896,2.920017000000000e+03,1.239910000000000e+02,4.747366000000000e+03
450896,2.874388000000000e+03,1.224070000000000e+02,5.083435000000000e+03
450896,2.889689000000000e+03,1.239860000000000e+02,5.112037000000000e+03
450896,2.895188000000000e+03,1.237100000000000e+02,5.035437000000000e+03
450896,2.976244000000000e+03,1.238300000000000e+02,7.218351000000000e+03
450896,2.904808000000000e+03,1.234980000000000e+02,4.743382000000000e+03
450896,2.926060000000000e+03,1.233960000000000e+02,5.164691000000000e+03
