450896,2.944560000000000e+03,1.225210000000000e+02,1.405928000000000e+03
450896,2.919099000000000e+03,1.219950000000000e+02,1.356717000000000e+03
450896,2.824940000000000e+03,1.227410000000000e+02,1.409254000000000e+03
450896,2.782826000000000e+03,1.228020000000000e+02,1.420186000000000e+03
450896,2.798739000000000e+03,1.222220000000000e+02,1.360493000000000e+03
450896,2.830648000000000e+03,1.224020000000000e+02,1.315533000000000e+03
450896,2.802960000000000e+03,1.221460000000000e+02,1.430653000000000e+03
450896,2.869845000000000e+03,1.225770000000000e+02,1.440762000000000e+03
450896,2.810840000000000e+03,1.221560000000000e+02,1.410952000000000e+03
450896,2.912954000000000e+03,1.227170000000000e+02,1.181934000000000e+03
