450896,1.995050000000000e+03,1.131230000000000e+02,5.002121000000000e+03
450896,1.931209000000000e+03,1.104090000000000e+02,4.432509000000000e+03
450896,1.911206000000000e+03,1.084300000000000e+02,6.920171000000000e+03
450896,1.980309000000000e+03,1.136660000000000e+02,5.036147000000000e+03
450896,2.047895000000000e+03,1.236950000000000e+02,5.011942000000000e+03
450896,1.956399000000000e+03,1.130640000000000e+02,7.122456000000000e+03
450896,2.082941000000000e+03,1.109420000000000e+02,4.592964000000000e+03
450896,2.064675000000000e+03,1.141940000000000e+02,7.174652000000000e+03
450896,2.021508000000000e+03,1.159680000000000e+02,6.906455000000000e+03
450896,2.037076000000000e+03,1.152640000000000e+02,4.991058000000000e+03
