450896,1.176605000000000e+03,9.727500000000001e+01,4.090357000000000e+03
450896,1.066551000000000e+03,9.823000000000000e+01,3.361289000000000e+03
450896,1.025542000000000e+03,9.549700000000000e+01,3.159345000000000e+03
450896,1.176837000000000e+03,9.832200000000000e+01,3.262262000000000e+03
450896,1.247044000000000e+03,9.534300000000000e+01,3.202415000000000e+03
450896,1.157771000000000e+03,9.499400000000000e+01,3.769923000000000e+03
450896,1.196955000000000e+03,1.088410000000000e+02,3.525458000000000e+03
450896,1.145668000000000e+03,9.554100000000000e+01,3.348294000000000e+03
450896,1.084208000000000e+03,9.570000000000000e+01,3.573212000000000e+03
450896,1.083127000000000e+03,9.547700000000000e+01,3.733449000000000e+03
