450896,1.180419000000000e+03,9.887300000000000e+01,1.403938800000000e+04
450896,1.133410000000000e+03,1.015490000000000e+02,1.423942100000000e+04
450896,1.181615000000000e+03,9.500900000000000e+01,1.388746300000000e+04
450896,9.877360000000000e+02,9.510299999999999e+01,1.418609500000000e+04
450896,1.155203000000000e+03,9.634800000000000e+01,1.409407100000000e+04
450896,1.143033000000000e+03,9.613400000000000e+01,1.416721000000000e+04
450896,1.179148000000000e+03,9.593300000000001e+01,1.415929700000000e+04
450896,1.178539000000000e+03,9.666000000000000e+01,1.410681400000000e+04
450896,1.147957000000000e+03,9.582599999999999e+01,1.406370600000000e+04
450896,1.142941000000000e+03,9.586400000000000e+01,1.415508100000000e+04
