450896,2.050546000000000e+03,1.148260000000000e+02,2.814629000000000e+03
450896,2.069803000000000e+03,1.139700000000000e+02,3.413294000000000e+03
450896,1.968476000000000e+03,1.124780000000000e+02,3.157818000000000e+03
450896,1.847118000000000e+03,1.109510000000000e+02,2.649146000000000e+03
450896,1.979227000000000e+03,1.115820000000000e+02,3.281454000000000e+03
450896,1.965343000000000e+03,1.116500000000000e+02,4.097991000000000e+03
450896,1.954868000000000e+03,1.106900000000000e+02,2.851509000000000e+03
450896,2.045629000000000e+03,1.102050000000000e+02,3.188520000000000e+03
450896,1.840430000000000e+03,1.093560000000000e+02,2.958655000000000e+03
450896,1.992218000000000e+03,1.117390000000000e+02,3.457422000000000e+03
