450896,1.981339000000000e+03,1.151410000000000e+02,1.498394000000000e+03
450896,1.974518000000000e+03,1.119430000000000e+02,1.373317000000000e+03
450896,1.866637000000000e+03,1.130730000000000e+02,1.373081000000000e+03
450896,1.949319000000000e+03,1.132630000000000e+02,1.375435000000000e+03
450896,1.944504000000000e+03,1.045450000000000e+02,1.395485000000000e+03
450896,1.918920000000000e+03,1.063080000000000e+02,1.445920000000000e+03
450896,1.887076000000000e+03,1.091720000000000e+02,1.462434000000000e+03
450896,1.936364000000000e+03,1.100880000000000e+02,1.211880000000000e+03
450896,1.770406000000000e+03,1.085400000000000e+02,1.265840000000000e+03
450896,1.782440000000000e+03,1.087980000000000e+02,1.438053000000000e+03
