450896,9.071350000000000e+02,9.536199999999999e+01,2.538040000000000e+03
450896,9.720690000000000e+02,9.538200000000001e+01,2.326411000000000e+03
450896,9.554100000000000e+02,9.716700000000000e+01,2.486125000000000e+03
450896,1.122766000000000e+03,9.471299999999999e+01,2.240842000000000e+03
450896,9.800100000000000e+02,9.499900000000000e+01,2.413993000000000e+03
450896,1.061145000000000e+03,9.694400000000000e+01,3.171040000000000e+03
450896,1.033841000000000e+03,9.538900000000000e+01,2.437342000000000e+03
450896,1.034703000000000e+03,9.702300000000000e+01,2.437072000000000e+03
450896,1.017729000000000e+03,9.717500000000000e+01,2.630088000000000e+03
450896,1.034374000000000e+03,9.506600000000000e+01,2.489276000000000e+03
