450896,1.049021000000000e+03,9.928900000000000e+01,1.731437000000000e+03
450896,1.003243000000000e+03,9.736499999999999e+01,1.815988000000000e+03
450896,9.668070000000000e+02,9.141700000000000e+01,1.908706000000000e+03
450896,1.073201000000000e+03,9.362100000000000e+01,1.800132000000000e+03
450896,9.952550000000000e+02,9.525000000000000e+01,1.718822000000000e+03
450896,1.032797000000000e+03,9.412200000000000e+01,1.611308000000000e+03
450896,1.022861000000000e+03,9.966000000000000e+01,1.841758000000000e+03
450896,9.857770000000000e+02,9.732400000000000e+01,1.656538000000000e+03
450896,1.050140000000000e+03,9.764500000000000e+01,1.856027000000000e+03
450896,9.580549999999999e+02,9.926400000000000e+01,1.876179000000000e+03
