450896,1.114177000000000e+03,9.559900000000000e+01,2.465516000000000e+03
450896,1.114812000000000e+03,9.573999999999999e+01,1.512484000000000e+03
450896,9.643400000000000e+02,9.458199999999999e+01,1.610353000000000e+03
450896,9.935710000000000e+02,9.437200000000000e+01,1.662090000000000e+03
450896,9.635290000000000e+02,9.432100000000000e+01,1.909974000000000e+03
450896,1.079364000000000e+03,9.413100000000000e+01,1.766445000000000e+03
450896,1.031903000000000e+03,9.429000000000001e+01,1.646114000000000e+03
450896,9.643830000000000e+02,9.398600000000000e+01,1.661713000000000e+03
450896,9.210650000000001e+02,9.410500000000000e+01,2.884092000000000e+03
450896,1.163603000000000e+03,9.426700000000000e+01,1.889705000000000e+03
