450896,1.985338000000000e+03,1.100170000000000e+02,8.827859000000000e+03
450896,1.967301000000000e+03,1.114580000000000e+02,8.794118000000000e+03
450896,1.926338000000000e+03,1.108910000000000e+02,1.318654400000000e+04
450896,1.950274000000000e+03,1.110710000000000e+02,8.590859000000000e+03
450896,2.021764000000000e+03,1.109400000000000e+02,8.799236000000001e+03
450896,1.957779000000000e+03,1.117160000000000e+02,8.693296000000000e+03
450896,1.940880000000000e+03,1.109230000000000e+02,1.308002600000000e+04
450896,1.971268000000000e+03,1.127420000000000e+02,8.766075000000001e+03
450896,1.950252000000000e+03,1.102680000000000e+02,8.497477000000001e+03
450896,1.985328000000000e+03,1.073420000000000e+02,8.624281999999999e+03
