450896,1.153578000000000e+03,9.893600000000001e+01,4.030284000000000e+03
450896,1.104016000000000e+03,1.008340000000000e+02,4.383475000000000e+03
450896,1.125279000000000e+03,1.008070000000000e+02,3.204555000000000e+03
450896,1.104465000000000e+03,9.422900000000000e+01,3.341261000000000e+03
450896,1.170381000000000e+03,1.008460000000000e+02,3.510914000000000e+03
450896,1.137405000000000e+03,9.639500000000000e+01,3.781426000000000e+03
450896,1.079147000000000e+03,9.828700000000001e+01,3.639514000000000e+03
450896,1.208902000000000e+03,9.703800000000000e+01,3.515752000000000e+03
450896,1.033579000000000e+03,9.915500000000000e+01,3.677867000000000e+03
450896,1.021382000000000e+03,9.646100000000000e+01,3.501817000000000e+03
