450896,2.022312000000000e+03,1.142990000000000e+02,1.939033000000000e+03
450896,1.998357000000000e+03,1.109740000000000e+02,1.998767000000000e+03
450896,2.019437000000000e+03,1.066070000000000e+02,1.959880000000000e+03
450896,1.984241000000000e+03,1.118330000000000e+02,2.244386000000000e+03
450896,1.974323000000000e+03,1.129190000000000e+02,1.856110000000000e+03
450896,2.001876000000000e+03,1.059810000000000e+02,1.918589000000000e+03
450896,1.972174000000000e+03,1.113480000000000e+02,2.161347000000000e+03
450896,1.822018000000000e+03,1.095400000000000e+02,1.992055000000000e+03
450896,1.959334000000000e+03,1.104110000000000e+02,2.217546000000000e+03
450896,2.013879000000000e+03,1.104330000000000e+02,1.746054000000000e+03
