450896,9.273680000000001e+02,9.396500000000000e+01,4.177998000000000e+03
450896,1.062003000000000e+03,9.423600000000000e+01,4.915717000000000e+03
450896,1.006956000000000e+03,9.529200000000000e+01,4.953782000000000e+03
450896,1.079718000000000e+03,9.639700000000001e+01,4.842648000000000e+03
450896,1.115445000000000e+03,9.584399999999999e+01,5.461749000000000e+03
450896,1.161731000000000e+03,9.410200000000000e+01,5.468176000000000e+03
450896,1.120212000000000e+03,9.424200000000000e+01,5.439544000000000e+03
450896,1.061305000000000e+03,9.519199999999999e+01,4.113433000000000e+03
450896,1.066379000000000e+03,8.984600000000000e+01,4.672183000000000e+03
450896,1.120210000000000e+03,9.687400000000000e+01,5.856574000000000e+03
